0.0 37947.73745727695 0.0
284.1384093235599 37946.70994847207 71.03460233088998
568.2614316135347 37943.62749439302 142.06535790338367
852.3536814194675 37938.490312034985 213.08842035486688
1136.3997764567687 37931.298763017934 284.09994411419217
1420.3843391886735 37922.05335352865 355.0960847971684
1704.2919984070302 37910.75473423958 426.07299960175754
1988.1073908115281 37897.403700204544 497.02684770288204
2271.8151625869805 37882.00119073139 567.9537906467451
2555.399970978268 37864.548289231505 638.849992744567
2838.8464858625675 37845.04622304646 709.7116214656419
3122.139391318468 37823.49636325161 780.534847829617
3405.263387191602 37799.90022443682 851.3158467979005
3688.2031906564002 37774.25946446451 922.0507976641001
3970.9435377736004 37746.575884204896 992.7358844434001
4253.4691850431245 37716.85142724865 1063.3672962607811
4535.764910951949 37685.088179597056 1133.9412277379872
4817.8155175165975 37651.2883693298 1204.4538793791494
5099.605831819896 37615.45436625038 1274.901457954974
5381.120707541585 37577.58868150951 1345.2801768853963
5662.345026482485 37537.69396720632 1415.5862566206213
5943.263700081788 37495.773015967854 1485.815925020447
6223.861670927163 37451.82876050669 1555.9654177317907
6504.123914257303 37405.86427315703 1626.0309785643258
6784.035439456558 37357.88276538943 1696.0088598641396
7063.581291541325 37307.8875873042 1765.8953228853313
7342.746552637812 37255.8822271037 1835.686638159453
7621.516343450891 37201.870310543876 1905.3790858627228
7899.87582472366 37145.855600364994 1974.968956180915
8177.810198687396 37087.84199570188 2044.452549671849
8455.304710501585 37027.83353147391 2113.826177625396
8732.344649683686 36965.834377754865 2183.0861624209215
9008.915351528332 36901.848839122926 2252.228837882083
9285.002198515629 36835.88135399102 2321.2505496289073
9560.590621708292 36767.93649391775 2390.147655427073
9835.666102137247 36698.01896289909 2458.916525534312
10110.21417217548 36626.13359664125 2527.55354304387
10384.22041689977 36552.285361814684 2596.0551042249426
10657.670475440083 36476.47935528976 2664.417618860021
10930.55004231629 36398.720803354205 2732.6375105790726
11202.844868761966 36319.01506091259 2800.7112171904914
11474.540764035015 36237.36761066821 2868.6351910087537
11745.623596714826 36153.784062287516 2936.4058991787065
12016.079295985706 36068.27015154747 3004.0198239964266
12285.893852906367 35980.83173946601 3071.473463226592
12555.053321665195 35891.474811416076 3138.7633304162987
12823.543820821076 35800.20547622322 3205.885955205269
13091.351534529551 35707.02996524742 3272.8378836323877
13358.462713754052 35611.9546314491 3339.615678438513
13624.863677462023 35514.985948439855 3406.2159193655057
13890.540813805716 35416.130509518065 3472.635203451429
14155.480581287427 35315.39502668985 3538.870145321857
14419.669509909007 35212.78632967546 3604.9173774772516
14683.094202305441 35108.31136490166 3670.7735505763603
14945.74133486229 35001.977194480234 3736.4353337155726
15207.597658816863 34893.79099517303 3801.899414704216
15468.650001342892 34783.760057343876 3867.162500335723
15728.8852666186 34671.8917838976 3932.22131665465
15988.290436877944 34558.19368920658 3997.072609219486
16246.852573444952 34442.673398025145 4061.713143361238
16504.558817750934 34325.33864439207 4126.139704437734
16761.39639233448 34206.19727052161 4190.34909808362
17017.352601824125 34085.25722568333 4254.338150456031
17272.41483390347 33962.52656507113 4318.103708475867
17526.57056025878 33838.013448661746 4381.642640064695
17779.80733750882 33711.72614006307 4444.951834377205
18032.112808116904 33583.67300535269 4508.028202029226
18283.474701285013 33453.86251190693 4570.868675321253
18533.88083382995 33322.30322722076 4633.470208457487
18783.31911104139 33189.00381771887 4695.8297777603475
19031.777527521772 33053.973047558364 4757.944381880443
19279.24416800799 32917.21977742327 4819.8110420019975
19525.707208174787 32778.752963311264 4881.426802043697
19771.154915419796 32638.581655313064 4942.788728854949
20015.575649630213 32496.71499638461 5003.893912407553
20258.957863931017 32353.16222111258 5064.739465982754
20501.290105414726 32207.93265447346 5125.3225263536815
20742.56101585271 32061.03571058654 5185.640253963177
20982.75933238787 31912.480891461182 5245.689833096967
21221.873888208916 31762.277785738712 5305.468472052229
21459.89361320602 31610.436067429197 5364.973403301505
21696.807534607935 31456.965494643544 5424.201883651984
21932.60477760059 31301.87590832119 5483.151194400148
22167.274565927146 31145.177230953712 5541.8186414817865
22400.806222469528 30986.8794653047 5600.201555617382
22633.189169811463 30826.992693126256 5658.297292452866
22864.41293078304 30665.52707387235 5716.10323269576
23094.46712898687 30502.49284340946 5773.616782246718
23323.34148930579 30337.900312724767 5830.835372326447
23551.02583839228 30171.75986663218 5887.75645959807
23777.51010513954 30004.081962476608 5944.377526284885
24002.784321134324 29834.877128836702 6000.696080283581
24226.838621091607 29664.15596422642 6056.709655272902
24449.663243271116 29491.929135795697 6112.415810817779
24671.24852987584 29318.207378030558 6167.81213246896
24891.58492743256 29143.001491452942 6222.89623185814
25110.66298715449 28966.322341320552 6277.6657467886225
25328.473365286125 28788.180856327017 6332.118341321531
25545.006823430384 28608.58802730265 6386.251705857596
25760.254228858146 28427.554905916128 6440.063557214537
25974.20655480029 28245.09260337732 6493.5516387000725
26186.854880722298 28061.212289141582 6546.7137201805745
26398.19039258161 27875.925189615784 6599.547598145403
26608.204383067783 27689.242586866352 6652.051095766946
26816.88825182559 27501.17581732957 6704.222062956397
27024.233505661196 27311.73627052445 6756.058376415299
27230.23175873153 27120.935387768346 6807.5579396828825
27434.874732716973 26928.784660895704 6858.718683179243
27638.1542569775 26735.29563098006 6909.538564244375
27840.062268692443 26540.479887059624 6960.015567173111
28040.590812983977 26344.349064866667 7010.147703245994
28239.7320430245 26146.914845560947 7059.933010756125
28437.478220128054 25948.188954467416 7109.3695550320135
28633.821713825888 25748.183159818447 7158.455428456472
28828.75500192646 25546.90927150079 7207.188750481615
29022.27067055983 25344.379139807497 7255.567667639957
29214.361414206785 25140.60465419503 7303.590353551696
29405.020035712787 24935.59774204575 7351.255008928197
29594.23944628687 24729.370367436033 7398.559861571717
29782.012665485734 24521.93452991018 7445.5031663714335
29968.332821183172 24313.30226326033 7492.083205295793
30153.19314952499 24103.485634312605 7538.298287381247
30336.58699486962 23892.496741719628 7584.146748717405
30518.507809714585 23680.347714759635 7629.626952428646
30698.94915460902 23467.05071214237 7674.737288652255
30877.90469805241 23252.617920821875 7719.476174513103
31055.368216379724 23037.06155481647 7763.842054094931
31231.33359363316 22820.393854035967 7807.83339840829
31405.794821420666 22602.627083116324 7851.448705355167
31578.74599876143 22383.77353026197 7894.686499690358
31750.18133191853 22163.84550609583 7937.545332979633
31920.09513421893 21942.855342517316 7980.023783554732
32088.48182586102 21720.815391568332 8022.120456465255
32255.33593370992 21497.738024307513 8063.83398342748
32420.652091080658 21273.635629692795 8105.163022770164
32584.425037509547 21048.520613472447 8146.106259377387
32746.649618513828 20822.40539708472 8186.662404628457
32907.32078533986 20595.302416566192 8226.830196334966
33066.433594700036 20367.224121468957 8266.608398675009
33223.983208498576 20138.182973786803 8305.995802124644
33379.96489354651 19908.19144689041 8344.991223386627
33534.37402126587 19677.262024471733 8383.593505316467
33687.206067383515 19445.407199497673 8421.801516845879
33838.45661161458 19212.639473173098 8459.614152903645
33988.12133733585 18978.971353913315 8497.030334333962
34136.19603124927 18744.41535632612 8534.049007812317
34282.676583035776 18508.984000203465 8570.669145758944
34427.5589849996 18272.689809522835 8606.8897462499
34570.83933170332 18035.545311458423 8642.70983292583
34712.51381959373 17797.563035402163 8678.128454898433
34852.57874661899 17558.755511994696 8713.144686654747
34991.030511836885 17319.135272166317 8747.757627959221
35127.86561501472 17078.714846188002 8781.96640375368
35263.080656220845 16837.50676273251 8815.770164055211
35396.672335408104 16595.523547945693 8849.168083852026
35528.63745198937 16352.777724527938 8882.159362997343
35658.97290440534 16109.281810825974 8914.743226101335
35787.67568968482 15865.04831993488 8946.918922421204
35914.7429029977 15620.089758810473 8978.685725749425
36040.17173720079 15374.418627392055 9010.042934300198
36163.95948237666 15128.047417735555 9040.989870594165
36286.103525365725 14880.98861315711 9071.525881341431
36406.60134929188 14633.254687387058 9101.65033732297
36525.45053308158 14384.858103734452 9131.362633270395
36642.64875097686 14135.81131426201 9160.662187744216
36758.19377204224 13886.126758971597 9189.54844301056
36872.08345966589 13635.816865000199 9218.020864916472
36984.315771055095 13384.894045826415 9246.078942763774
37094.88875672628 13133.370700487478 9273.72218918157
37203.800559989715 12881.259212806786 9300.950139997429
37311.04941642918 12628.571950631958 9327.762354107295
37416.63365337662 12375.321265083401 9354.158413344156
37520.5516893821 12121.519489813387 9380.137922345524
37622.8020336791 11867.17894027562 9405.700508419775
37723.38328564554 11612.311913005295 9430.845821411385
37822.29413426041 11356.93068490961 9455.573533565102
37919.53335755641 11101.047512568739 9479.883339389102
38015.099822068616 10844.674631547221 9503.774955517154
38108.99248227952 10587.824255715755 9527.24812056988
38201.21038006035 10330.508576583383 9550.302595015088
38291.75264410907 10072.739762639994 9572.938161027267
38380.61848938504 9814.529958709183 9595.15462234626
38467.80721654064 9555.891285311347 9616.95180413516
38553.31821134991 9296.835838037077 9638.329552837478
38637.15094413442 9037.375686930733 9659.287736033604
38719.3049691864 8777.522875884184 9679.8262422966
38799.77992418955 8517.289422040709 9699.944981047387
38878.57552963734 8256.687315208943 9719.643882409335
38955.69158824919 7995.728517286903 9738.922897062297
39031.12798438456 7734.424961695971 9757.78199609614
39104.884683455166 7472.788552824845 9776.221170863791
39176.96173133535 7210.83116548337 9794.240432833838
39247.35925377091 6948.564644366207 9811.839813442728
39316.07745578632 6686.0008035262945 9829.01936394658
39383.11662109062 6423.151425858025 9845.779155272656
39448.47711148213 6160.028262590104 9862.119277870532
39512.15936625196 5896.6430327880125 9878.03984156299
39574.1639015866 5633.007422866024 9893.54097539665
39634.49130996965 5369.133086108701 9908.622827492412
39693.14225958275 5105.031642201825 9923.285564895688
39750.11749370606 4840.714676772686 9937.529373426514
39805.417830118015 4576.193740939654 9951.354457529504
39859.04416049492 4311.480350870993 9964.76104012373
39910.99744981021 4046.5859873528148 9977.749362452552
39961.278735733504 3781.522095366138 9990.319683933376
40009.88912802972 3516.3000836729516 10002.47228200743
40056.829807958195 3250.931324411232 10014.207451989549
40102.10202767206 2985.4271526988273 10025.525506918015
40145.70710961784 2719.7988662461476 10036.42677740446
40187.64644593543 2454.0577249775747 10046.911611483858
40227.92149785868 2188.214950661524 10056.98037446467
40266.53379511642 1922.2817265490805 10066.633448779105
40303.48493533425 1656.2691970211308 10075.871233833563
40338.77658343718 1390.188467243915 10084.694145859296
40372.410471053015 1124.0506028329191 10093.102617763254
40404.388395916765 857.8666295250305 10101.097098979191
40434.71222127616 591.647532858875 10108.67805531904
40463.38387529826 325.4042578632587 10115.845968824566
40490.4053504773 59.14770875362903 10122.601337619324
40515.77870304383 -207.11125136351978 10128.944675760957
40539.50605237535 -473.36180077838367 10134.876513093837
40561.58958040828 -739.5931594578063 10140.39739510207
40582.031531051594 -1005.7945893175427 10145.507882762899
40600.83420960203 -1271.9553944869074 10150.208552400507
40617.99998216103 -1538.0649215658946 10154.499995540258
40633.53127505347 -1804.1125598748488 10158.382818763368
40647.43057424819 -2070.0877416967746 10161.857643562047
40659.700424780465 -2335.979942512364 10164.925106195116
40670.34343017648 -2601.778681227826 10167.58585754412
40679.36225187986 -2867.4735203956097 10169.840562969965
40686.75960868025 -3133.0540664280916 10171.689902170063
40692.53827614418 -3398.509969804322 10173.134569036045
40696.701086048044 -3663.8309252699105 10174.175271512011
40699.25092581346 -3929.0066720301375 10174.812731453365
40700.190737944955 -4194.026993936371 10175.047684486239
40699.52351947005 -4458.881719665873 10174.880879867513
40697.25232138182 -4723.560722895091 10174.313080345455
40693.380248083966 -4988.053922466503 10173.345062020991
40687.91045683844 -5252.351282549107 10171.97761420961
40680.846157215696 -5516.442812792642 10170.211539303924
40672.19061054756 -5780.318568475617 10168.04765263689
40661.94712938288 -6043.968650647242 10165.48678234572
40650.1190769459 -6307.383206263324 10162.529769236475
40636.70986659735 -6570.552428316246 10159.177466649338
40621.72296129852 -6833.466555959069 10155.43074032463
40605.16187307802 -7096.115874623877 10151.290468269504
40587.030162501665 -7358.49071613442 10146.757540625416
40567.331438145135 -7620.581458813159 10141.832859536284
40546.06935606972 -7882.378527582777 10136.51733901743
40523.24761930103 -8143.872394062251 10130.811904825257
40498.869977310824 -8405.053576657558 10124.717494327706
40472.94022550187 -8665.912640647084 10118.235056375468
40445.46220469593 -8926.440198261871 10111.365551173982
40416.439800624874 -9186.626908760683 10104.109950156218
40385.876943425064 -9446.46347850008 10096.469235856266
40353.77760713482 -9705.940660999495 10088.444401783705
40320.145809195135 -9965.049257001447 10080.036452298784
40284.98560995372 -10223.780114526939 10071.24640248843
40248.30111217223 -10482.124128926118 10062.075278043058
40210.09646053682 -10740.072242924301 10052.524115134205
40170.37584117205 -10997.61544666341 10042.593960293012
40129.14348115803 -11254.744777738924 10032.285870289508
40086.40364805106 -11511.451321232393 10021.600912012766
40042.160649407495 -11767.726209739618 10010.540162351874
39996.41883231111 -12023.560623394553 9999.104708077777
39949.18258290382 -12278.94578988901 9987.295645725955
39900.4563259198 -12533.872984488244 9975.11408147995
39850.244524223046 -12788.333530042475 9962.561131055762
39798.551678348456 -13042.31879699445 9949.637919587114
39745.38232604624 -13295.820203383091 9936.34558151156
39690.741041829875 -13548.829214843305 9922.685260457469
39634.63243652753 -13801.337344602036 9908.658109131882
39577.061156836935 -14053.33615347063 9894.265289209234
39518.03188488377 -14304.817249833555 9879.507971220943
39457.54933778357 -14555.772289633607 9864.387334445892
39395.61826720708 -14806.192976353592 9848.90456680177
39332.24345894917 -15056.071060994609 9833.060864737292
39267.42973250124 -15305.39834205099 9816.85743312531
39201.18194062713 -15554.166665481946 9800.295485156783
39133.50496894259 -15802.367924680002 9783.376242235647
39064.40373549819 -16049.994060436287 9766.100933874548
38993.883190365894 -16297.037060902716 9748.470797591473
38921.948315228976 -16543.48896155119 9730.487078807244
38848.6041229756 -16789.34184512981 9712.1510307439
38773.85565729589 -17034.58784161619 9693.463914323973
38697.70799228246 -17279.21912816798 9674.426998070616
38620.16623203454 -17523.22792907056 9655.041558008636
38541.235510265535 -17766.606515682077 9635.308877566384
38460.92098991419 -18009.34720637581 9615.230247478548
38379.227862759195 -18251.44236647996 9594.806965689799
38296.16134903729 -18492.88440821489 9574.040337259323
38211.72669706491 -18733.6657906279 9552.931674266227
38125.92918286327 -18973.779019525628 9531.482295715818
38038.77410978699 -19213.21664740404 9509.693527446747
37950.26680815613 -19451.97127337616 9487.566702039032
37860.412634891756 -19690.03554309754 9465.103158722939
37769.21697315492 -19927.402148689565 9442.30424328873
37676.68523198913 -20164.063828660597 9419.171307997283
37582.822845966235 -20400.013367825064 9395.705711491559
37487.63527483572 -20635.243597220528 9371.90881870893
37391.128003177495 -20869.74739402275 9347.782000794374
37293.30654005805 -21103.51768145889 9323.326635014513
37194.17641869001 -21336.54742871879 9298.544104672503
37093.74319609506 -21568.829650864474 9273.435799023766
36992.01245277032 -21800.357408737866 9248.00311319258
36888.989792358014 -22031.123808866792 9222.247448089503
36784.6808413185 -22261.122003369346 9196.170210329625
36679.09124860668 -22490.345189856584 9169.77281215167
36572.22668535173 -22718.786611333704 9143.056671337932
36464.09284454006 -22946.439556099667 9116.023211135014
36354.69544070168 -23173.297357645366 9088.67386017542
36244.040209599836 -23399.353394550344 9061.010052399959
36132.13290792379 -23624.60109037814 9033.033226980948
36018.97931298506 -23849.033913570303 9004.744828246265
35904.58522241669 -24072.645377339104 8976.146305604172
35788.95645387589 -24295.42903955898 8947.239113468973
35672.098844749846 -24517.37850265683 8918.024711187461
35554.01825186464 -24738.487413501058 8888.50456296616
35434.72055119746 -24958.749463289565 8858.680137799365
35314.211637591914 -25178.158387436626 8828.552909397979
35192.49742447645 -25396.707965458743 8798.124356119113
35069.583843586 -25614.392020859475 8767.3959608965
34945.476844686586 -25831.204421013343 8736.369211171646
34820.182395303134 -26047.139077048763 8705.045598825784
34693.706480450324 -26262.189943730154 8673.426620112581
34566.05510236646 -26476.351019339156 8641.513775591615
34437.23428025039 -26689.616345555056 8609.308570062598
34307.250050001465 -26901.98000733446 8576.812512500366
34176.108463962475 -27113.43613279019 8544.027115990619
34043.81559066556 -27323.97889306954 8510.95389766639
33910.37751458106 -27533.60250223181 8477.594378645264
33775.80033586934 -27742.301217125256 8443.950083967335
33640.09017013554 -27950.06933726342 8410.022542533885
33503.2531481872 -28156.901204700916 8375.8132870468
33365.29541579474 -28362.79120390869 8341.323853948685
33226.22313345488 -28567.73376164876 8306.55578336372
33086.04247615682 -28771.72334684854 8271.510619039205
32944.75963315132 -28974.754470474672 8236.18990828783
32802.38080772247 -29176.821685406547 8200.595201930617
32658.9122169624 -29377.91958630936 8164.7280542406
32514.360091548595 -29578.0428095069 8128.590022887149
32368.73067552405 -29777.18603285399 8092.182668881012
32222.03022608011 -29975.343975608695 8055.507556520028
32074.26501334202 -30172.51139830421 8018.566253335505
31925.441320157155 -30368.683102620605 7981.360330039289
31775.565441885887 -30563.853931256315 7943.891360471472
31624.643686195144 -30758.018767799505 7906.160921548786
31472.68237285454 -30951.172536599286 7868.170593213635
31319.687833535103 -31143.31020263679 7829.921958383776
31165.666411610633 -31334.426771396207 7791.416602902658
31010.624461961543 -31524.517288735737 7752.656115490386
30854.56835078129 -31713.5768407585 7713.6420876953225
30697.50445538531 -31901.60055368345 7674.376113846328
30539.439164022428 -32088.583593716314 7634.859791005607
30380.37887568877 -32274.52116692053 7595.094718922192
30220.329999944093 -32459.4085190883 7555.082499986023
30059.29895673059 -32643.240935611684 7514.824739182647
29897.292176194052 -32826.01374135384 7474.323044048513
29734.316098507494 -33007.722300520356 7433.579024626873
29570.37717369707 -33188.36201653077 7392.594293424268
29405.48186147039 -33367.92833189027 7351.370465367598
29239.63663104716 -33546.416728061515 7309.90915776179
29072.847960992087 -33723.822725336795 7268.211990248022
28905.122339050125 -33900.141882710326 7226.280584762531
28736.466261983966 -34075.36979775086 7184.116565495991
28566.886235413753 -34249.502106474516 7141.721558853438
28396.38877365905 -34422.53448321803 7099.097193414763
28224.980399583004 -34594.46264051216 7056.245099895751
28052.667644438683 -34765.28232895553 7013.166911109671
27879.45704771757 -34934.98933708881 6969.864261929392
27705.35515700022 -35103.57949126927 6926.338789250055
27530.368527809038 -35271.0486555457 6882.5921319522595
27354.50372346312 -35437.392731533764 6838.62593086578
27177.767314935212 -35602.60765829173 6794.441828733803
27000.165880710723 -35766.68941219674 6750.041470177681
26821.706006648765 -35929.63400682146 6705.426501662191
26642.39428584522 -36091.437492811194 6660.598571461305
26462.2373184978 -36252.095957761536 6615.55932962445
26281.24171177308 -36411.6055260965 6570.31042794327
26099.41407967552 -36569.96235894721 6524.85351991888
25916.76104291838 -36727.162654031024 6479.190260729595
25733.289228796595 -36883.20264553135 6433.322307199149
25549.00527106152 -37038.07860397794 6387.25131776538
25363.915809797552 -37191.78683612774 6340.978952449388
25178.02749130065 -37344.32368484644 6294.506872825163
24991.346967958634 -37495.685528990485 6247.836741989659
24803.880898133357 -37645.868783289894 6200.970224533339
24615.635946044633 -37794.86989823148 6153.908986511158
24426.618781655983 -37942.68535994293 6106.654695413996
24236.83608056212 -38089.31169007743 6059.20902014053
24046.29452387816 -38234.74544569898 6011.57363096954
23855.000798130597 -38378.98321916839 5963.750199532649
23662.961595149947 -38522.02163803002 5915.740398787487
23470.183611965076 -38663.85736489914 5867.545902991269
23276.673550699215 -38804.48709735006 5819.168387674804
23082.4381184676 -38943.90756780503 5770.6095296169
22887.48402727672 -39082.115543423795 5721.87100681918
22691.817993925244 -39219.10782599395 5672.954498481311
22495.446739906445 -39354.881251822044 5623.861684976611
22298.376991312252 -39489.43269162544 5574.594247828063
22100.615478738844 -39622.75905042506 5525.153869684711
21902.16893719375 -39754.85726743871 5475.5422342984375
21703.04410600451 -39885.72431597544 5425.761026501127
21503.247728728773 -40015.35720333057 5375.811932182193
21302.786553065936 -40143.752970681555 5325.696638266484
21101.66733077019 -40270.90869298474 5275.416832692547
20899.896817565015 -40396.82147887287 5224.974204391254
20697.481773059142 -40521.48847055354 5174.3704432647855
20494.42896066386 -40644.90684370838 5123.607240165965
20290.74514751174 -40767.07380739324 5072.686286877935
20086.437104376753 -40887.986603939135 5021.609276094188
19881.511605595664 -41007.64250885412 4970.377901398916
19675.975428990845 -41126.03883072607 4918.993857247711
19469.835355794345 -41243.1729111263 4867.458838948586
19263.098170573303 -41359.0421245141 4815.774542643326
19055.770661156595 -41473.64387814227 4763.942665289149
18847.859618562783 -41586.97561196342 4711.964904640696
18639.371836929284 -41699.034798537294 4659.842959232321
18430.3141134428 -41809.81894293902 4607.5785283607
18220.693248270938 -41919.325582668265 4555.1733120677345
18010.51604449501 -42027.55228755935 4502.629011123752
17799.789308044048 -42134.496659692304 4449.947327011012
17588.519847629977 -42240.15633330487 4397.129961907494
17376.714474683893 -42344.52897470552 4344.178618670973
17164.38000329351 -42447.61228218735 4291.095000823378
16951.523250141712 -42549.403985943034 4237.880812535428
16738.151034446175 -42649.901847980735 4184.537758611544
16524.270177900104 -42749.10366204096 4131.067544475026
16309.887504614015 -42847.00725351442 4077.4718761535037
16095.009841058554 -42943.61047936096 4023.7524602646386
15879.64401600836 -43038.91122802936 3969.91100400209
15663.796860486942 -43132.90741937826 3915.9492151217355
15447.475207712545 -43225.597004597985 3861.8688019281362
15230.685893045002 -43316.97796613353 3807.6714732612504
15013.435753933558 -43407.04831760839 3753.3589384833895
14795.731629865635 -43495.806103749564 3698.932907466409
14577.580362316545 -43583.24940031351 3644.395090579136
14358.988794700106 -43669.376314013134 3589.7471986750265
14139.963772320165 -43754.18498244586 3534.9909430800412
13920.51214232302 -43837.673574022694 3480.128035580755
13700.640753650707 -43919.84028789833 3425.1601884126767
13480.356456995138 -44000.68335390239 3370.0891142487844
13259.666104753092 -44080.20103247157 3314.916526188273
13038.576550982028 -44158.39161458301 3259.644137745507
12817.094651356709 -44235.25342168857 3204.273662839177
12595.227263126611 -44310.78480565029 3148.806815781653
12372.981245074148 -44384.98414867684 3093.245311268537
12150.363457473613 -44457.849863261064 3037.5908643684033
11927.38076205092 -44529.380392118605 2981.84519051273
11704.04002194404 -44599.574208127626 2926.01000548601
11480.3481016642 -44668.42981426955 2870.08702541605
11256.311867057746 -44735.94574357093 2814.0779667644365
11031.938185268737 -44802.12055904638 2757.984546317184
10807.233924702188 -44866.952853642666 2701.808481175547
10582.205954987998 -44930.44125018375 2645.5514887469994
10356.861146945514 -44992.58440131707 2589.2152867363784
10131.206372548724 -45053.3809894608 2532.801593137181
9905.24850489209 -45112.829726752316 2476.3121262230225
9678.994418156972 -45170.92935499765 2419.748604539243
9452.45098757864 -45227.67864562217 2363.11274689466
9225.625089413885 -45283.07639962224 2306.406272353471
8998.52360090916 -45337.121447518104 2249.63090022729
8771.153400269302 -45389.812649307794 2192.7883500673256
8543.52136662677 -45441.14889442218 2135.8803416566925
8315.634380011405 -45491.12910168115 2078.908595002851
8087.499321320705 -45539.7522192509 2021.8748303301763
7859.1230722905975 -45587.01722460232 1964.7807680726494
7630.512515466667 -45632.92312447051 1907.6281288666667
7401.674534175873 -45677.46895481542 1850.4186335439683
7172.616012498712 -45720.653780783636 1793.154003124678
6943.343835241809 -45762.476696671256 1735.8359588104522
6713.864887910946 -45802.93682588789 1678.4662219777365
6484.1860566844925 -45842.03332092183 1621.0465141711231
6254.314228387238 -45879.76536330632 1563.5785570968094
6024.256290464598 -45916.13216358693 1506.0640726161496
5794.0191309572065 -45951.13296129014 1448.5047827393016
5563.609638475849 -45984.76702489296 1390.9024096189623
5333.0347021767475 -46017.03365179376 1333.2586755441869
5102.30121173717 -46047.93216828421 1275.5753029342925
4871.41605733136 -46077.46192952235 1217.85401433284
4640.386129606765 -46105.622319506816 1160.0965324016913
4409.218319660555 -46132.41275105216 1102.3045799151387
4177.919519016418 -46157.83266576538 1044.4798797541046
3946.4966196016194 -46181.88153402354 986.6241549004048
3714.956513724303 -46204.55885495255 928.7391284310758
3483.306094051041 -46225.86415640707 870.8265235127602
3251.5522535845944 -46245.79699495159 812.8880633961486
3019.7018856418886 -46264.356955842624 754.9254714104721
2787.7618838321873 -46281.543653012064 696.9404709580468
2555.739142035444 -46297.35672905167 638.934785508861
2323.640554380827 -46311.795855198754 580.9101385952067
2091.4730152254024 -46324.8607313229 522.8682538063506
1859.2434191329578 -46336.55108591396 464.81085478323945
1626.9586608529585 -46346.866676071084 406.7396652132396
1394.6256352996209 -46355.80728749299 348.6564088249052
1162.2512375310896 -46363.372734469354 290.5628093827724
929.8423627287082 -46369.562859873295 232.46059068217704
697.4059061763644 -46374.37753515509 174.3514765440911
464.9487632399044 -46377.81666033698 116.2371908099761
232.47782934659708 -46379.88016400918 58.11945733664927
-3.536177928253892e-8 -46380.568003326924 -8.84044482063473e-9
-232.4778294173196 -46379.88016400883 -58.1194573543299
-464.9487633106237 -46377.816660336284 -116.23719082765592
-697.4059062470784 -46374.37753515404 -174.3514765617696
-929.8423627994148 -46369.5628598719 -232.4605906998537
-1162.251237601787 -46363.37273446761 -290.5628094004467
-1394.6256353703063 -46355.8072874909 -348.6564088425766
-1626.9586609236303 -46346.86667606864 -406.7396652309076
-1859.2434192036137 -46336.55108591117 -464.8108548009034
-2091.4730152960406 -46324.860731319764 -522.8682538240101
-2323.640554451445 -46311.79585519527 -580.9101386128613
-2555.73914210604 -46297.35672904784 -638.93478552651
-2787.761883902759 -46281.54365300788 -696.9404709756898
-3019.7018857124344 -46264.35695583809 -754.9254714281086
-3251.5522536551116 -46245.79699494671 -812.8880634137779
-3483.3060941215276 -46225.86415640185 -870.8265235303819
-3714.9565137947566 -46204.558854946976 -928.7391284486891
-3946.496619672038 -46181.88153401762 -986.6241549180095
-4177.9195190868 -46157.83266575912 -1044.4798797717
-4409.218319730899 -46132.412751045544 -1102.3045799327247
-4640.386129677067 -46105.62231949985 -1160.0965324192669
-4871.41605740162 -46077.46192951505 -1217.854014350405
-5102.301211807384 -46047.93216827656 -1275.575302951846
-5333.034702246914 -46017.03365178576 -1333.2586755617285
-5563.609638545967 -45984.767024884604 -1390.9024096364917
-5794.019131027273 -45951.13296128144 -1448.5047827568183
-6024.256290534611 -45916.13216357788 -1506.0640726336528
-6254.314228457196 -45879.76536329692 -1563.578557114299
-6484.1860567543945 -45842.033320912094 -1621.0465141885986
-6713.864887980787 -45802.93682587781 -1678.4662219951967
-6943.343835311588 -45762.47669666084 -1735.835958827897
-7172.616012568426 -45720.65378077289 -1793.1540031421066
-7401.674534245522 -45677.468954804324 -1850.4186335613806
-7630.5125155362475 -45632.92312445907 -1907.6281288840619
-7859.123072360108 -45587.01722459054 -1964.780768090027
-8087.499321390144 -45539.752219238784 -2021.874830347536
-8315.634380080768 -45491.12910166869 -2078.908595020192
-8543.521366696057 -45441.14889440937 -2135.8803416740143
-8771.153400338511 -45389.81264929465 -2192.788350084628
-8998.523600978291 -45337.12144750462 -2249.630900244573
-9225.625089482932 -45283.07639960842 -2306.406272370733
-9452.450987647602 -45227.67864560801 -2363.1127469119006
-9678.994418225846 -45170.929354983164 -2419.7486045564615
-9905.248504960877 -45112.82972673749 -2476.312126240219
-10131.20637261742 -45053.38098944564 -2532.801593154355
-10356.86114701412 -44992.58440130157 -2589.21528675353
-10582.205955056512 -44930.44125016792 -2645.551488764128
-10807.233924770606 -44866.95285362649 -2701.8084811926515
-11031.938185337056 -44802.12055902987 -2757.984546334264
-11256.311867125965 -44735.94574355408 -2814.0779667814913
-11480.348101732317 -44668.429814252384 -2870.0870254330794
-11704.040022012054 -44599.57420811014 -2926.0100055030134
-11927.380762118826 -44529.380392100786 -2981.8451905297065
-12150.363457541413 -44457.849863242904 -3037.590864385353
-12372.981245141838 -44384.98414865835 -3093.2453112854596
-12595.227263194192 -44310.78480563147 -3148.806815798548
-12817.094651424175 -44235.253421669426 -3204.2736628560438
-13038.576551049378 -44158.39161456354 -3259.6441377623446
-13259.666104820322 -44080.201032451776 -3314.9165262050806
-13480.356457062248 -44000.68335388226 -3370.089114265562
-13700.640753717695 -43919.84028787788 -3425.1601884294237
-13920.512142389884 -43837.673574001914 -3480.128035597471
-14139.963772386904 -43754.184982424755 -3534.990943096726
-14358.988794766718 -43669.37631399171 -3589.7471986916794
-14577.580362383027 -43583.24940029175 -3644.3950905957568
-14795.731629931986 -43495.80610372749 -3698.9329074829966
-15013.435753999773 -43407.04831758599 -3753.358938499943
-15230.685893111084 -43316.97796611081 -3807.671473277771
-15447.475207778489 -43225.59700457495 -3861.868801944622
-15663.796860552748 -43132.9074193549 -3915.949215138187
-15879.644016074022 -43038.91122800569 -3969.9110040185055
-16095.00984112407 -42943.61047933697 -4023.7524602810176
-16309.887504679386 -42847.00725349011 -4077.4718761698464
-16524.270177965325 -42749.10366201633 -4131.067544491331
-16738.15103451124 -42649.90184795579 -4184.53775862781
-16951.523250206625 -42549.40398591778 -4237.880812551656
-17164.380003358277 -42447.612282161776 -4291.095000839569
-17376.714474748504 -42344.52897467964 -4344.178618687126
-17588.519847694428 -42240.1563332787 -4397.129961923607
-17799.78930810834 -42134.49665966582 -4449.947327027085
-18010.51604455914 -42027.552287532555 -4502.629011139785
-18220.69324833491 -41919.325582641155 -4555.173312083727
-18430.31411350661 -41809.818942911596 -4607.578528376653
-18639.371836992927 -41699.03479850956 -4659.842959248232
-18847.85961862626 -41586.975611935384 -4711.964904656565
-19055.770661219904 -41473.643878113944 -4763.942665304976
-19263.09817063644 -41359.04212448548 -4815.77454265911
-19469.835355857307 -41243.172911097376 -4867.458838964327
-19675.975429053626 -41126.03883069685 -4918.993857263406
-19881.511605658266 -41007.6425088246 -4970.377901414567
-20086.437104439177 -40887.98660390932 -5021.609276109794
-20290.745147573987 -40767.07380736313 -5072.686286893497
-20494.428960725916 -40644.90684367797 -5123.607240181479
-20697.481773121013 -40521.48847052284 -5174.370443280253
-20899.8968176267 -40396.821478841885 -5224.974204406675
-21101.667330831686 -40270.90869295345 -5275.4168327079215
-21302.786553127244 -40143.75297064998 -5325.696638281811
-21503.247728789884 -40015.3572032987 -5375.811932197471
-21703.044106065423 -39885.724315943284 -5425.761026516356
-21902.168937254468 -39754.85726740626 -5475.542234313617
-22100.615478799366 -39622.75905039232 -5525.153869699841
-22298.376991372577 -39489.432691592425 -5574.594247843144
-22495.44673996657 -39354.881251788735 -5623.8616849916425
-22691.817993985165 -39219.10782596037 -5672.954498496291
-22887.484027336435 -39082.11554338993 -5721.871006834109
-23082.438118527105 -38943.90756777088 -5770.609529631776
-23276.673550758518 -38804.48709731563 -5819.1683876896295
-23470.183612024168 -38663.85736486442 -5867.545903006042
-23662.961595208824 -38522.02163799504 -5915.740398802206
-23855.000798189263 -38378.983219133144 -5963.750199547316
-24046.29452393661 -38234.74544566345 -6011.573630984152
-24236.83608062035 -38089.311690041635 -6059.209020155087
-24426.618781713994 -37942.68535990687 -6106.654695428499
-24615.635946102426 -37794.86989819515 -6153.908986525606
-24803.880898190928 -37645.8687832533 -6200.970224547732
-24991.346968015983 -37495.68552895363 -6247.836742003996
-25178.027491357774 -37344.323684809315 -6294.5068728394435
-25363.91580985445 -37191.78683609036 -6340.978952463613
-25549.00527111819 -37038.07860394029 -6387.251317779547
-25733.28922885304 -36883.20264549344 -6433.32230721326
-25916.76104297459 -36727.16265399285 -6479.190260743648
-26099.414079731498 -36569.96235890877 -6524.853519932874
-26281.241711828825 -36411.605526057814 -6570.310427957206
-26462.23731855331 -36252.09595772259 -6615.559329638328
-26642.394285900496 -36091.437492771984 -6660.598571475124
-26821.706006703804 -35929.63400678199 -6705.426501675951
-27000.165880765515 -35766.689412157015 -6750.041470191379
-27177.767314989756 -35602.60765825174 -6794.441828747439
-27354.50372351742 -35437.39273149352 -6838.625930879355
-27530.3685278631 -35271.04865550523 -6882.592131965775
-27705.355157054033 -35103.57949122856 -6926.338789263508
-27879.45704777113 -34934.989337047846 -6969.864261942783
-28052.667644491998 -34765.28232891431 -7013.166911122999
-28224.98039963607 -34594.4626404707 -7056.245099909018
-28396.388773711864 -34422.534483176336 -7099.097193427966
-28566.886235466307 -34249.50210643258 -7141.721558866577
-28736.46626203627 -34075.36979770868 -7184.116565509067
-28905.12233910217 -33900.141882667915 -7226.280584775543
-29072.847961043877 -33723.82272529415 -7268.211990260969
-29239.636631098696 -33546.41672801864 -7309.909157774674
-29405.481861521665 -33367.92833184716 -7351.370465380416
-29570.37717374808 -33188.36201648743 -7392.59429343702
-29734.316098558236 -33007.72230047678 -7433.579024639559
-29897.29217624453 -32826.01374131003 -7474.323044061132
-30059.298956780796 -32643.240935567646 -7514.824739195199
-30220.329999994035 -32459.408519044035 -7555.082499998509
-30380.378875738446 -32274.521166876046 -7595.094718934612
-30539.43916407184 -32088.58359367161 -7634.85979101796
-30697.504455434446 -31901.60055363853 -7674.3761138586115
-30854.56835083015 -31713.576840713366 -7713.642087707538
-31010.624462010128 -31524.51728869039 -7752.656115502532
-31165.66641165894 -31334.426771350652 -7791.416602914735
-31319.687833583135 -31143.31020259103 -7829.921958395784
-31472.682372902287 -30951.17253655332 -7868.170593225572
-31624.643686242616 -30758.018767753336 -7906.160921560654
-31775.565441933075 -30563.853931209942 -7943.891360483269
-31925.44132020406 -30368.683102574032 -7981.360330051015
-32074.26501338864 -30172.511398257444 -8018.56625334716
-32222.030226126444 -29975.34397556173 -8055.507556531611
-32368.730675570096 -29777.186032806832 -8092.182668892524
-32514.36009159435 -29578.042809459545 -8128.590022898587
-32658.912217007866 -29377.919586261814 -8164.728054251967
-32802.380807767644 -29176.82168535881 -8200.595201941911
-32944.759633196205 -28974.754470426746 -8236.189908299051
-33086.042476201415 -28771.723346800423 -8271.510619050354
-33226.22313349918 -28567.733761600466 -8306.555783374795
-33365.29541583875 -28362.79120386021 -8341.323853959688
-33503.25314823092 -28156.90120465226 -8375.81328705773
-33640.09017017896 -27950.069337214583 -8410.02254254474
-33775.800335912456 -27742.301217076245 -8443.950083978114
-33910.37751462388 -27533.602502182624 -8477.59437865597
-34043.81559070809 -27323.97889302018 -8510.953897677022
-34176.10846400471 -27113.436132740655 -8544.027116001178
-34307.250050043396 -26901.98000728475 -8576.812512510849
-34437.234280292 -26689.61634550518 -8609.308570073
-34566.055102407765 -26476.35101928911 -8641.513775601941
-34693.706480491324 -26262.189943679947 -8673.426620122831
-34820.18239534383 -26047.139076998392 -8705.045598835957
-34945.47684472697 -25831.20442096281 -8736.369211181742
-35069.583843626075 -25614.39202080879 -8767.395960906519
-35192.497424516216 -25396.7079654079 -8798.124356129054
-35314.21163763136 -25178.158387385633 -8828.55290940784
-35434.7205512366 -24958.749463238415 -8858.68013780915
-35554.01825190347 -24738.48741344976 -8888.504562975868
-35672.09884478836 -24517.37850260538 -8918.02471119709
-35788.956453914085 -24295.429039507388 -8947.239113478521
-35904.58522245456 -24072.645377287365 -8976.14630561364
-36018.97931302261 -23849.033913518426 -9004.744828255652
-36132.13290796102 -23624.601090326127 -9033.033226990256
-36244.04020963675 -23399.353394498194 -9061.010052409187
-36354.69544073827 -23173.29735759308 -9088.673860184568
-36464.09284457633 -22946.439556047244 -9116.023211144082
-36572.22668538768 -22718.78661128115 -9143.05667134692
-36679.09124864231 -22490.345189803902 -9169.772812160578
-36784.68084135381 -22261.122003316537 -9196.170210338452
-36888.989792393004 -22031.12380881386 -9222.247448098251
-36992.01245280499 -21800.35740868481 -9248.003113201248
-37093.743196129406 -21568.8296508113 -9273.435799032351
-37194.176418724026 -21336.5474286655 -9298.544104681007
-37293.30654009174 -21103.517681405483 -9323.326635022935
-37391.128003210855 -20869.747393969228 -9347.782000802714
-37487.63527486875 -20635.243597166897 -9371.908818717187
-37582.82284599893 -20400.013367771327 -9395.705711499733
-37676.685232021504 -20164.063828606748 -9419.171308005376
-37769.21697318696 -19927.40214863561 -9442.30424329674
-37860.41263492345 -19690.035543043483 -9465.103158730863
-37950.266808187494 -19451.971273322 -9487.566702046874
-38038.77410981802 -19213.216647349782 -9509.693527454505
-38125.929182893975 -18973.779019471272 -9531.482295723494
-38211.726697095284 -18733.665790573446 -9552.931674273821
-38296.16134906733 -18492.884408160342 -9574.040337266833
-38379.2278627889 -18251.442366425323 -9594.806965697226
-38460.92098994356 -18009.347206321083 -9615.23024748589
-38541.23551029456 -17766.606515627263 -9635.30887757364
-38620.16623206322 -17523.22792901566 -9655.041558015804
-38697.7079923108 -17279.219128112996 -9674.4269980777
-38773.85565732389 -17034.58784156113 -9693.463914330972
-38848.60412300325 -16789.341845074665 -9712.151030750812
-38921.948315256275 -16543.48896149597 -9730.487078814069
-38993.88319039286 -16297.037060847417 -9748.470797598215
-39064.40373552483 -16049.994060380915 -9766.100933881207
-39133.50496896889 -15802.367924624565 -9783.376242242222
-39201.1819406531 -15554.16666542644 -9800.295485163275
-39267.429732526856 -15305.39834199542 -9816.857433131714
-39332.243458974444 -15056.071060938977 -9833.060864743611
-39395.618267232014 -14806.1929762979 -9848.904566808003
-39457.54933780816 -14555.772289577857 -9864.38733445204
-39518.031884908014 -14304.817249777749 -9879.507971227004
-39577.06115686083 -14053.336153414768 -9894.265289215207
-39634.63243655108 -13801.337344546124 -9908.65810913777
-39690.74104185308 -13548.829214787342 -9922.68526046327
-39745.38232606909 -13295.820203327079 -9936.345581517273
-39798.55167837096 -13042.318796938394 -9949.63791959274
-39850.2445242452 -12788.333529986376 -9962.5611310613
-39900.4563259416 -12533.872984432104 -9975.1140814854
-39949.182582925285 -12278.945789832833 -9987.295645731321
-39996.41883233223 -12023.560623338339 -9999.104708083058
-40042.16064942827 -11767.72620968337 -10010.540162357067
-40086.403648071486 -11511.451321176115 -10021.600912017871
-40129.143481178115 -11254.744777682617 -10032.285870294529
-40170.37584119179 -10997.615446607078 -10042.593960297947
-40210.09646055622 -10740.072242867944 -10052.524115139055
-40248.30111219128 -10482.12412886974 -10062.07527804782
-40284.98560997242 -10223.780114470543 -10071.246402493105
-40320.145809213485 -9965.049256945033 -10080.036452303371
-40353.77760715282 -9705.940660943064 -10088.444401788205
-40385.876943442716 -9446.463478443637 -10096.469235860679
-40416.439800642176 -9186.626908704231 -10104.109950160544
-40445.46220471288 -8926.440198205411 -10111.36555117822
-40472.940225518476 -8665.912640590617 -10118.235056379619
-40498.869977327086 -8405.053576601083 -10124.717494331771
-40523.24761931694 -8143.872394005776 -10130.811904829236
-40546.06935608528 -7882.3785275263035 -10136.51733902132
-40567.33143816035 -7620.581458756689 -10141.832859540087
-40587.03016251654 -7358.490716077957 -10146.757540629134
-40605.16187309254 -7096.115874567423 -10151.290468273135
-40621.72296131269 -6833.466555902625 -10155.430740328173
-40636.709866611185 -6570.552428259814 -10159.177466652796
-40650.11907695938 -6307.383206206907 -10162.529769239845
-40661.947129396016 -6043.968650590842 -10165.486782349004
-40672.19061056034 -5780.318568419239 -10168.047652640085
-40680.84615722813 -5516.442812736285 -10170.211539307033
-40687.91045685053 -5252.351282492775 -10171.977614212632
-40693.3802480957 -4988.0539224101985 -10173.345062023925
-40697.25232139321 -4723.560722838815 -10174.313080348302
-40699.52351948109 -4458.881719609629 -10174.880879870272
-40700.19073795564 -4194.02699388016 -10175.04768448891
-40699.2509258238 -3929.0066719739634 -10174.81273145595
-40696.70108605804 -3663.8309252137738 -10174.17527151451
-40692.53827615383 -3398.509969748225 -10173.134569038457
-40686.75960868955 -3133.054066372037 -10171.689902172388
-40679.362251888815 -2867.4735203395994 -10169.840562972204
-40670.343430185094 -2601.7786811718624 -10167.585857546273
-40659.70042478874 -2335.979942456449 -10164.925106197185
-40647.43057425613 -2070.087741640911 -10161.857643564032
-40633.53127506107 -1804.1125598190388 -10158.382818765267
-40617.99998216828 -1538.0649215101405 -10154.49999554207
-40600.834209608925 -1271.9553944312115 -10150.208552402231
-40582.03153105814 -1005.7945892619075 -10145.507882764536
-40561.58958041449 -739.5931594022339 -10140.397395103622
-40539.50605238122 -473.36180072287635 -10134.876513095305
-40515.77870304936 -207.11125130808 -10128.94467576234
-40490.405350482484 59.14770880899914 -10122.601337620621
-40463.383875303116 325.40425791855694 -10115.845968825779
-40434.71222128068 591.6475329140992 -10108.67805532017
-40404.388395920934 857.866629580178 -10101.097098980234
-40372.41047105685 1124.050602887988 -10093.102617764212
-40338.77658344068 1390.1884672989029 -10084.69414586017
-40303.484935337416 1656.2691970760354 -10075.871233834354
-40266.53379511924 1922.2817266038994 -10066.63344877981
-40227.92149786118 2188.2149507162553 -10056.980374465295
-40187.64644593759 2454.057725032216 -10046.911611484398
-40145.70710961965 2719.7988663006963 -10036.426777404913
-40102.102027673536 2985.4271527532815 -10025.525506918384
-40056.82980795932 3250.9313244655896 -10014.20745198983
-40009.8891280305 3516.3000837272107 -10002.472282007626
-39961.27873573396 3781.522095420296 -9990.31968393349
-39910.99744981034 4046.58598740687 -9977.749362452585
-39859.04416049472 4311.480350924942 -9964.76104012368
-39805.41783011747 4576.193740993496 -9951.354457529367
-39750.11749370519 4840.714676826417 -9937.529373426298
-39693.14225958156 5105.031642255443 -9923.28556489539
-39634.49130996811 5369.133086162205 -9908.622827492027
-39574.16390158474 5633.007422919412 -9893.540975396185
-39512.15936624976 5896.6430328412835 -9878.03984156244
-39448.477111479595 6160.028262643253 -9862.119277869899
-39383.11662108776 6423.151425911052 -9845.77915527194
-39316.07745578314 6686.000803579197 -9829.019363945785
-39247.35925376741 6948.564644418983 -9811.839813441853
-39176.96173133152 7210.831165536017 -9794.24043283288
-39104.884683451 7472.78855287736 -9776.22117086275
-39031.127984380066 7734.424961748354 -9757.781996095016
-38955.69158824437 7995.728517339151 -9738.922897061093
-38878.5755296322 8256.687315261055 -9719.64388240805
-38799.77992418409 8517.289422092683 -9699.944981046023
-38719.30496918062 8777.522875936016 -9679.826242295156
-38637.15094412832 9037.37568698242 -9659.28773603208
-38553.3182113435 9296.835838088618 -9638.329552835876
-38467.80721653391 9555.891285362739 -9616.951804133478
-38380.618489377994 9814.529958760424 -9595.154622344498
-38291.75264410171 10072.739762691084 -9572.938161025428
-38201.21038005268 10330.508576634318 -9550.30259501317
-38108.99248227153 10587.824255766536 -9527.248120567883
-38015.09982206032 10844.674631597843 -9503.77495551508
-37919.5333575478 11101.047512619201 -9479.88333938695
-37822.29413425151 11356.93068495991 -9455.573533562878
-37723.38328563634 11612.311913055431 -9430.845821409084
-37622.80203366958 11867.17894032559 -9405.700508417394
-37520.55168937227 12121.519489863187 -9380.137922343067
-37416.63365336649 12375.321265133032 -9354.158413341622
-37311.04941641873 12628.571950681415 -9327.762354104683
-37203.800559978954 12881.259212856068 -9300.950139994738
-37094.888756715205 13133.370700536583 -9273.722189178801
-36984.31577104372 13384.894045875339 -9246.07894276093
-36872.08345965422 13635.816865048944 -9218.020864913555
-36758.19377203027 13886.12675902016 -9189.548443007567
-36642.64875096459 14135.81131431039 -9160.662187741147
-36525.450533069015 14384.858103782644 -9131.362633267254
-36406.60134927901 14633.254687435061 -9101.650337319752
-36286.10352535256 14880.988613204923 -9071.52588133814
-36163.95948236321 15128.047417783178 -9040.989870590802
-36040.17173718705 15374.418627439483 -9010.042934296762
-35914.742902983664 15620.089758857708 -8978.685725745916
-35787.67568967049 15865.048319981917 -8946.918922417623
-35658.97290439072 16109.281810872815 -8914.74322609768
-35528.637451974464 16352.777724574578 -8882.159362993616
-35396.672335392905 16595.52354799213 -8849.168083848226
-35263.080656205355 16837.506762778743 -8815.770164051339
-35127.86561499894 17078.714846234023 -8781.966403749735
-34991.03051182082 17319.13527221213 -8747.757627955205
-34852.578746602645 17558.755512040298 -8713.144686650661
-34712.5138195771 17797.563035447558 -8678.128454894275
-34570.8393316864 18035.545311503603 -8642.7098329216
-34427.55898498242 18272.6898095678 -8606.889746245604
-34282.676583018314 18508.984000248216 -8570.669145754578
-34136.19603123153 18744.415356370653 -8534.049007807882
-33988.12133731783 18978.97135395763 -8497.030334329458
-33838.456611596295 19212.639473217194 -8459.614152899074
-33687.20606736496 19445.407199541547 -8421.80151684124
-33534.37402124704 19677.262024515378 -8383.59350531176
-33379.964893527394 19908.191446933826 -8344.991223381849
-33223.9832084792 20138.182973829986 -8305.9958021198
-33066.4335946804 20367.22412151191 -8266.6083986701
-32907.320785319964 20595.302416608913 -8226.830196329991
-32746.649618493666 20822.405397127208 -8186.6624046234165
-32584.425037489123 21048.5206135147 -8146.106259372281
-32420.652091059972 21273.635629734803 -8105.163022764993
-32255.335933688973 21497.738024349284 -8063.833983422243
-32088.48182583982 21720.815391609864 -8022.120456459955
-31920.095134197472 21942.855342558607 -7980.023783549368
-31750.181331896823 22163.845506136877 -7937.545332974206
-31578.745998739476 22383.77353030277 -7894.686499684869
-31405.794821398464 22602.627083156876 -7851.448705349616
-31231.33359361071 22820.39385407627 -7807.833398402678
-31055.368216357027 23037.061554856522 -7763.842054089257
-30877.904698029466 23252.617920861667 -7719.4761745073665
-30698.949154585833 23467.050712181903 -7674.737288646458
-30518.507809691153 23680.347714798918 -7629.626952422788
-30336.58699484594 23892.496741758652 -7584.146748711485
-30153.19314950107 24103.485634351375 -7538.298287375267
-29968.332821159012 24313.30226329884 -7492.083205289753
-29782.01266546134 24521.934529948427 -7445.503166365335
-29594.239446262243 24729.370367474017 -7398.559861565561
-29405.02003568793 24935.597742083468 -7351.255008921982
-29214.361414181694 25140.60465423248 -7303.590353545424
-29022.270670534504 25344.37913984468 -7255.567667633626
-28828.75500190091 25546.909271537705 -7207.188750475228
-28633.82171380012 25748.183159855093 -7158.45542845003
-28437.478220102064 25948.18895450379 -7109.369555025516
-28239.732042998294 26146.914845597046 -7059.933010749573
-28040.59081295755 26344.349064902493 -7010.147703239388
-27840.0622686658 26540.479887095174 -6960.01556716645
-27638.154256950642 26735.29563101533 -6909.5385642376605
-27434.874732689903 26928.784660930694 -6858.718683172476
-27230.23175870425 27120.935387803052 -6807.557939676062
-27024.233505633703 27311.736270558875 -6756.058376408426
-26816.888251797885 27501.175817363717 -6704.222062949471
-26608.204383039876 27689.24258690021 -6652.051095759969
-26398.1903925535 27875.92518964936 -6599.547598138375
-26186.854880693983 28061.21228917487 -6546.713720173496
-25974.206554771772 28245.09260341032 -6493.551638692943
-25760.254228829428 28427.554905948844 -6440.063557207357
-25545.00682340146 28608.588027335074 -6386.251705850365
-25328.473365257007 28788.18085635915 -6332.118341314252
-25110.662987125175 28966.322341352396 -6277.665746781294
-24891.58492740305 29143.001491484494 -6222.896231850763
-24671.24852984614 29318.20737806182 -6167.812132461535
-24449.663243241226 29491.929135826667 -6112.4158108103065
-24226.83862106153 29664.155964257094 -6056.709655265383
-24002.78432110407 29834.87712886708 -6000.696080276018
-23777.5101051091 30004.081962506683 -5944.377526277275
-23551.025838361656 30171.75986666195 -5887.756459590414
-23323.341489274982 30337.900312754235 -5830.835372318746
-23094.467128955883 30502.492843438627 -5773.616782238971
-22864.412930751878 30665.52707390121 -5716.1032326879695
-22633.18916978013 30826.99269315481 -5658.297292445032
-22400.80622243802 30986.87946533295 -5600.201555609505
-22167.274565895463 31145.177230981648 -5541.818641473866
-21932.604777568733 31301.875908348815 -5483.151194392183
-21696.80753457591 31456.965494670858 -5424.201883643977
-21459.893613173834 31610.4360674562 -5364.973403293458
-21221.87388817657 31762.277785765407 -5305.468472044143
-20982.759332355363 31912.48089148757 -5245.689833088841
-20742.561015820043 32061.03571061261 -5185.640253955011
-20501.290105381908 32207.932654499215 -5125.322526345477
-20258.95786389804 32353.16222113802 -5064.73946597451
-20015.575649597085 32496.71499640973 -5003.893912399271
-19771.154915386516 32638.581655337865 -4942.788728846629
-19525.707208141357 32778.75296333575 -4881.426802035339
-19279.24416797441 32917.21977744743 -4819.811041993603
-19031.77752748805 33053.97304758221 -4757.944381872013
-18783.319111007528 33189.00381774239 -4695.829777751882
-18533.880833795956 33322.30322724395 -4633.470208448989
-18283.47470125088 33453.86251192981 -4570.86867531272
-18032.112808082635 33583.67300537525 -4508.028202020659
-17779.807337474416 33711.7261400853 -4444.951834368604
-17526.570560224238 33838.013448683654 -4381.6426400560595
-17272.414833868796 33962.52656509271 -4318.103708467199
-17017.35260178932 34085.257225704576 -4254.33815044733
-16761.39639229955 34206.19727054253 -4190.3490980748875
-16504.55881771588 34325.338644412666 -4126.13970442897
-16246.852573409777 34442.673398045416 -4061.713143352444
-15988.29043684265 34558.19368922652 -3997.0726092106624
-15728.885266583184 34671.891783917206 -3932.221316645796
-15468.65000130736 34783.76005736316 -3867.16250032684
-15207.597658781215 34893.79099519198 -3801.8994146953037
-14945.741334826529 35001.977194498846 -3736.4353337066323
-14683.094202269567 35108.31136491994 -3670.773550567392
-14419.669509873025 35212.7863296934 -3604.9173774682563
-14155.480581251337 35315.395026707454 -3538.870145312834
-13890.540813769523 35416.13050953534 -3472.6352034423808
-13624.863677425728 35514.985948456786 -3406.215919356432
-13358.46271371766 35611.95463146571 -3339.615678429415
-13091.351534493062 35707.0299652637 -3272.8378836232655
-12823.54382078449 35800.205476239156 -3205.8859551961227
-12555.053321628515 35891.47481143167 -3138.7633304071287
-12285.893852869596 35980.83173948128 -3071.473463217399
-12016.079295948846 36068.27015156239 -3004.0198239872116
-11745.623596677877 36153.784062302104 -2936.405899169469
-11474.540763997979 36237.36761068245 -2868.6351909994946
-11202.844868724844 36319.01506092649 -2800.711217181211
-10930.550042279088 36398.72080336777 -2732.637510569772
-10657.670475402803 36476.47935530299 -2664.417618850701
-10384.22041686241 36552.28536182756 -2596.0551042156026
-10110.21417213804 36626.13359665379 -2527.55354303451
-9835.666102099734 36698.01896291129 -2458.9165255249336
-9560.590621670708 36767.93649392959 -2390.147655417677
-9285.002198477978 36835.88135400252 -2321.2505496194944
-9008.915351490612 36901.84883913408 -2252.228837872653
-8732.3446496459 36965.83437776567 -2183.086162411475
-8455.304710463733 37027.833531484364 -2113.8261776159334
-8177.810198649483 37087.84199571199 -2044.4525496623708
-7899.875824685688 37145.85560037476 -1974.968956171422
-7621.516343412862 37201.87031055329 -1905.3790858532154
-7342.746552599728 37255.88222711277 -1835.686638149932
-7063.5812915031875 37307.88758731292 -1765.8953228757969
-6784.03543941837 37357.882765397815 -1696.0088598545924
-6504.123914219063 37405.86427316506 -1626.0309785547659
-6223.861670888877 37451.82876051437 -1555.9654177222192
-5943.263700043458 37495.77301597519 -1485.8159250108645
-5662.345026444113 37537.69396721331 -1415.5862566110281
-5381.120707503172 37577.58868151614 -1345.280176875793
-5099.605831781442 37615.454366256665 -1274.9014579453606
-4817.815517478108 37651.288369335736 -1204.453879369527
-4535.764910913424 37685.088179602644 -1133.941227728356
-4253.469185004567 37716.85142725389 -1063.3672962511419
-3970.943537735014 37746.575884209786 -992.7358844337535
-3688.203190617786 37774.25946446905 -922.0507976544465
-3405.2633871529624 37799.90022444101 -851.3158467882406
-3122.1393912798044 37823.49636325545 -780.5348478199511
-2838.8464858238817 37845.046223049954 -709.7116214559704
-2555.3999709395625 37864.54828923465 -638.8499927348906
-2271.815162548258 37882.001190734176 -567.9537906370645
-1988.107390772791 37897.40370020698 -497.02684769319774
-1704.29199836828 37910.75473424166 -426.07299959207
-1420.3843391499122 37922.05335353038 -355.09608478747805
-1136.3997764179983 37931.29876301931 -284.09994410449957
-852.3536813806901 37938.49031203601 -213.08842034517252
-568.2614315747524 37943.627494393695 -142.0653578936881
-284.13840928477487 37946.709948472395 -71.03460232119372
3.8785699985055544e-8 37947.737457276926 9.696424996263886e-9
