0.042771711088606904
0.020238170382328707
0.04090283148124618
0.06134555988878735
0.08156743213342985
0.10156950850573913
0.12135283329220653
0.1409184350040661
0.16026732660120668
0.1794005057112922
0.19831895484419929
0.2170236416018793
0.23551551888374808
0.25379552508770364
0.27186458430687005
0.2897236065221617
0.3073734877907611
0.3248151104305987
0.34204934320092295
0.35907704147904457
0.3758990474333374
0.39251619019257594
0.4089292860116872
0.4251391384339924
0.44114653845001195
0.4569522646529049
0.47255708339061275
0.4879617489147743
0.5031670035264774
0.5181735777189115
0.5329821903169826
0.5475935486139505
0.5620083485051476
0.576227274618835
0.590251000444252
0.6040801884569118
0.6177154902411959
0.6311575466102979
0.6444069877235656
0.6574644332012888
0.670330492236979
0.6830057637071875
0.6954908362789023
0.7077862885145699
0.7198926889747796
0.7318105963186522
0.7435405594019703
0.7550831173730884
0.7664387997666586
0.7776081265952062
0.7885916084385892
0.7993897465313758
0.8100030328481683
0.8204319501869068
0.8306769722501803
0.8407385637245731
0.8506171803580751
0.8603132690355799
0.8698272678524976
0.8791596061865042
0.8883107047674514
0.8972809757454583
0.9060708227572044
0.9146806409904452
0.9231108172467658
0.931361730002592
0.9394337494684737
0.9473272376466537
0.9550425483869385
0.9625800274408791
0.9699400125142759
0.9771228333180139
0.984128811617238
0.9909582612788732
0.997611488317494
1.0040887909395464
1.0103904595859219
1.0165167769728827
1.0224680181313341
1.028244450444438
1.0338463336835568
1.0392739200425196
1.044527454170189
1.049607173201316
1.0545133067856545
1.059246077115311
1.0638056989502906
1.0681923796422066
1.0724063191560986
1.0764477100903098
1.080316737694354
1.0840135798846966
1.0875384072583572
1.0908913831042275
1.094072663411973
1.097082396878368
1.0999207249108762
1.102587781628255
1.1050836938579094
1.1074085811296572
1.1095625556654847
1.1115457223647567
1.1133581787841946
1.1150000151117185
1.1164713141329412
1.117772151188644
1.1189025941208512
1.1198627032039636
1.1206525310554134
1.1212721225165336
1.1217215144864061
1.122000735671526
1.1221098061452854
1.1220487367033514
1.1218175362105398
1.1214162221544417
1.1208448208483668
1.1201033668737317
1.1191919027800867
1.1181104788852336
1.1168591531274303
1.1154379909487273
1.1138470651985346
1.1120864560510917
1.1101562509328808
1.108056544457353
1.1057874383651485
1.1033490414685092
1.1007414695989148
1.097964845557221
1.0950192990657355
1.0919049667217937
1.0886219919524862
1.085170524970255
1.081550722729132
1.0777627488814312
1.0738067737347383
1.0696829742090732
1.0653915337941107
1.0609326425063748
1.0563064968463252
1.0515132997552747
1.0465532605720798
1.0414265949895596
1.0361335250106034
1.0306742789039325
1.0250490911594894
1.0192582024434302
1.0133018595527008
1.0071803153691796
1.000893828813376
0.9944426647976711
0.9878270941790953
0.9810473937116347
0.9741038459980632
0.9669967394412977
0.959726368195275
0.9522930321153512
0.9446970367082254
0.9369386930813888
0.929018317892106
0.9209362332959293
0.912692766894755
0.9042882516844247
0.8957230260018815
0.8869974334718854
0.8781118229532996
0.8690665484849525
0.8598619692310872
0.8504984494264073
0.840976358320728
0.8312960701232439
0.8214579639464237
0.8114624237495422
0.8013098382818625
0.791000601025477
0.7805351101378213
0.7699137683938728
0.7591369831280442
0.7482051661757859
0.737118733814909
0.7258781067066417
0.7144837098364313
0.7029359724545052
0.6912353280162035
0.6793822141220952
0.6673770724578928
0.6552203487341768
0.6429124926259437
0.630453957711991
0.6178452014141511
0.6050866849363891
0.5921788732037755
0.5791222348013488
0.5659172419128796
0.5525643702595502
0.5390640990385622
0.5254169108616857
0.5116232916937618
0.4976837307911724
0.4835987206402902
0.46936875689591995
0.45499433831974573
0.4404759667187953
0.42581414688393443
0.4110093865284038
0.39606219622641003
0.38097308935178387
0.3657425820167167
0.35037119301058794
0.33485944373889426
0.31920785816229347
0.3034169627357732
0.28748728634795684
0.27141936026055735
0.2552137180479902
0.23887089553715635
0.222391430747406
0.20577586383069382
0.18902473701193603
0.17213859452957964
0.15511798257639398
0.13796344924049456
0.12067554444660888
0.10325481989759402
0.08570182901621533
0.06801712688719547
0.05020127019954307
0.03225481718916967
0.025235670382010793
0.04135859781438257
0.05727940827693169
0.07299887509258116
0.08851775940329525
0.10383681031763001
0.11895676505514807
0.1338783490877609
0.14860227627805936
0.1631292490146924
0.17745995834485095
0.1915950841039139
0.2055352950423098
0.219281248949648
0.23283359277617016
0.24619296275157196
0.25935998450124415
0.2723352731599791
0.28511943348318924
0.2977130599556817
0.31011673689803126
0.32233103857059464
0.33435652927520554
0.3461937634545902
0.35784328578954094
0.369305631293885
0.3805813254072838
0.3916708840858971
0.4025748138909458
0.4132936120752042
0.42382776666745464
0.4341777565549325
0.44434405156379164
0.454327112537617
0.46412739141401166
0.47374533129928365
0.48318136654125626
0.4924359228002262
0.5015094171180908
0.510402257985666
0.5191148454082145
0.527647570969204
0.5360008178923109
0.5441749611016888
0.5521703672805149
0.559987394927829
0.5676263944136779
0.5750877080325764
0.582371670055295
0.5894786067789826
0.5964088365756307
0.6031626699388858
0.6097404095292117
0.616142350217405
0.622368779126462
0.6284199756717961
0.6342962115997988
0.6399977510247394
0.6455248504639906
0.6508777588715672
0.656056717669963
0.6610619607802611
0.6658937146504955
0.6705521982822317
0.6750376232553306
0.6793501937508528
0.6834901065720523
0.6874575511633995
0.6912527096275641
0.6948757567402745
0.6983268599629536
0.7016061794530188
0.7047138680717027
0.7076500713892312
0.7104149276871585
0.7130085679576138
0.7154311158991615
0.7176826879089047
0.7197633930703642
0.7216733331365401
0.7234126025073843
0.7249812882006614
0.7263794698148147
0.7276072194818974
0.7286646018077635
0.7295516737952602
0.730268484743571
0.7308150761117591
0.7311914813230986
0.7313977254546707
0.7314338246112815
0.7312997870749621
0.7309956248474077
0.7305213593031217
0.7298770203483965
0.7290626460113006
0.7280782821938411
0.7269239824980708
0.7255998080934317
0.7241058276097628
0.7224421170474344
0.7206087596994741
0.7186058460823816
0.7164334738734001
0.7140917478526704
0.7115807798491287
0.7089006886892941
0.7060516001482982
0.7030336469026521
0.6998469684843555
0.6964917112360263
0.6929680282667988
0.6892760794087771
0.6854160311738725
0.6813880567108817
0.6771923357626859
0.6728290546234713
0.6682984060958851
0.6636005894480572
0.6587358103704263
0.6537042809323192
0.6485062195382413
0.6431418508838385
0.6376114059115032
0.6319151217655962
0.6260532417472616
0.6200260152688202
0.6138336978077222
0.6074765508600511
0.6009548418935665
0.5942688443002798
0.5874188373485583
0.5804051061347523
0.5732279415343456
0.5658876401526278
0.5583845042748885
0.5507188418161378
0.5428909662703543
0.5349011966592646
0.5267498574806618
0.5184372786562648
0.509963795479128
0.5013297485606081
0.49253548377689393
0.48358135221510967
0.4744677101189991
0.4651949188342004
0.45576334475312175
0.4461733592594266
0.4364253386721401
0.42651966418938725
0.41645672183177296
0.40623690238541665
0.39586060134465184
0.38532821885440316
0.3746401596522524
0.3637968330102059
0.35279865267617544
0.34164603681518557
0.3303394079503192
0.3188791929034147
0.3072658227355273
0.2954997326871673
0.2835813621183283
0.27151115444831875
0.2592895570954089
0.24691702141630742
0.23439400264548
0.22172095983432333
0.2088983557902075
0.19592665701539996
0.18280633364588425
0.16953785939008628
0.1561217114675215
0.14255837054737575
0.1288483206870329
0.11499204927056188
0.10099004694717631
0.08684280756967912
0.07255082813290506
0.05811460871217359
0.04353465240176464
0.028811465253429685
0.025437869153939606
0.038654489238413026
0.051679218423756626
0.06451266413446635
0.07715542349658248
0.08960808344467878
0.10187122082648174
0.11394540250516053
0.1258311854593273
0.13752911688078617
0.14903973427006753
0.16036356552978426
0.17150112905584383
0.1824529338265503
0.1932194794896285
0.2038012564472014
0.21419874593875143
0.22441242012209403
0.234442742152392
0.24429016625923722
0.25395513782182544
0.26343809344224894
0.27273946101693064
0.2818596598062219
0.29079910050218566
0.299558185294585
0.308137307935096
0.31653685379976354
0.32475719994971575
0.33279871519015364
0.34066176012762983
0.34834668722562917
0.3558538408584634
0.3631835573634899
0.3703361650916634
0.37731198445642805
0.3841113279809556
0.39073450034373364
0.39718179842250595
0.4034535113365655
0.4095499204873977
0.41547129959767004
0.4212179147485612
0.42679002441541997
0.4321878795017415
0.43741172337144457
0.44246179187943047
0.4473383134003986
0.45204150885588995
0.45657159173952416
0.46092876814038813
0.46511323676452826
0.4691251889544889
0.47296480870682905
0.47663227268753855
0.4801277502452588
0.4834514034221975
0.4866033869626046
0.48958384831865015
0.4923929276535146
0.49503075784145906
0.4974974644645921
0.4997931658059833
0.5019179728386841
0.5038719892100988
0.5056553112209856
0.5072680277981408
0.5087102204594874
0.5099819632697976
0.5110833227845083
0.5120143579778257
0.5127751201490988
0.5133656527972078
0.5137859914435637
0.5140361633604067
0.5141161870707922
0.514026072096672
0.5137658283883823
0.5133354750053142
0.5127350397008571
0.5119645584342496
0.5110240750935623
0.5099136413069728
0.5086333163013792
0.5071831667897926
0.5055632668776414
0.503773697982174
0.5018145487612781
0.49968591504925736
0.4973878997978488
0.49492061302124496
0.49228417174420475
0.4894786999525574
0.486504328545563
0.483361195289708
0.48004944477359823
0.47656922836368065
0.4729207041605708
0.4691040369558063
0.46511939818887504
0.4609669659043934
0.4566469247093298
0.45215946573018484
0.44750478657005366
0.4426830912655079
0.4376945902432433
0.432539500276448
0.42721804444085315
0.4217304520704332
0.4160769587127287
0.41025780608376916
0.4042732420225759
0.39812352044523047
0.39180890129849477
0.38532965051297396
0.3786860399558136
0.3718783473829255
0.36490685639073844
0.3577718563674717
0.35047364244393053
0.3430125154438241
0.3353887818336078
0.32760275367185276
0.31965474855814624
0.31154508958152805
0.30327410526846815
0.29484212953039207
0.2862495016107606
0.2774965660317123
0.2685836725402756
0.2595111760541605
0.25027943660713853
0.24088881929401976
0.23133969421523837
0.22163243642105576
0.21176742585539254
0.20174504729930023
0.19156569031408377
0.1812297491840866
0.1707376228591497
0.1600897148967568
0.1492864334038777
0.13832819097852206
0.1272154046510159
0.11594849582501376
0.10452789021825867
0.09295401780310311
0.08122731274680368
0.06934821335160235
0.05731716199460731
0.045134605067486566
0.032800992915987176
0.020316779779293404
0.030934776241123618
0.04196712707274352
0.05281400312055863
0.06347589878841255
0.07395329928175391
0.08424668068946907
0.09435651006374324
0.10428324549797763
0.1140273362027886
0.12358922258011416
0.1329693362954517
0.14216810034825003
0.15118592914047727
0.16002322854338585
0.16868039596249365
0.17715782040080003
0.18545588252025402
0.19357495470149066
0.20151540110185032
0.2092775777116947
0.21686183240903187
0.22426850501246098
0.23149792733244637
0.2385504232209291
0.24542630861928216
0.25212589160461435
0.2586494724344255
0.2649973435896144
0.2711697898158386
0.27716708816322194
0.28298950802440537
0.2886373111709321
0.29411075178795565
0.2994100765072566
0.3045355244385499
0.3094873271990603
0.31426570894133854
0.31887088637928707
0.3233030688123563
0.32756245814786633
0.3316492489214005
0.3355636283152089
0.3393057761745463
0.3428758650218585
0.3462740600687124
0.3495005192253482
0.35255539310770584
0.3554388250417511
0.35815095106488753
0.36069189992419554
0.3630617930711794
0.3652607446526248
0.3672888614970651
0.36914624309621386
0.37083298158052497
0.3723491616877607
0.3736948607230375
0.37487014850818623
0.3758750873172537
0.3767097317932502
0.37737412883809174
0.3778683174612547
0.3781923285573691
0.3783461845356338
0.3783298984538654
0.37814347834681555
0.3777869391829744
0.37726030502534574
0.3765636083141472
0.3756968895238283
0.3746601969434061
0.37345358651762955
0.3720771217234489
0.37053087346900343
0.36881492000788924
0.36692934686425216
0.3648742467657919
0.3626497195826805
0.36025587227097555
0.35769281881948706
0.3549606801993172
0.3520595843154729
0.34898966596008435
0.3457510667668585
0.3423439351664711
0.3387684263426555
0.3350247021887916
0.3311129312648312
0.3270332887544256
0.3227859564221409
0.3183711225706668
0.31378898199793864
0.30903973595410467
0.3041235920982813
0.2990407644550479
0.29379147337063916
0.2883759454688014
0.2827944136062822
0.27704711682792915
0.27113430032137725
0.26505621537130747
0.2588131193132629
0.2524052754870111
0.24583295318944406
0.23909642762700925
0.23219597986766685
0.22513189679237056
0.2179044710460705
0.21051400098823822
0.20296079064291508
0.19524514964828651
0.1873673932057855
0.1793278420287297
0.1711268222904974
0.16276466557224822
0.15424170881019558
0.14555829424243766
0.1367147693553554
0.12771148682958558
0.11854880448557811
0.10922708522874686
0.09974669699422381
0.09010801269122677
0.08031141014705115
0.0703572720506966
0.060245985896139664
0.04997794392526386
0.039553543070458747
0.02897318489689983
0.021591702431595517
0.031179972591059577
0.04058640805677929
0.04981143308006559
0.05885546330492204
0.06771890583506979
0.07640215929918615
0.08490561391437539
0.09322965154788924
0.10137464577711333
0.10934096194783449
0.11712895723080292
0.1247389806766016
0.13217137326883385
0.1394264679756392
0.14650458979954545
0.15340605582566352
0.16013117526823056
0.16668024951550406
0.17305357217300857
0.17925142910513434
0.1852740984750849
0.19112185078316835
0.19679494890342458
0.20229364811857725
0.2076181961532968
0.2127688332057567
0.21774579197746147
0.22254929770131984
0.22717956816793228
0.2316368137500548
0.23592123742519563
0.24003303479629215
0.24397239411040675
0.24773949627536956
0.25133451487428243
0.2547576161777834
0.2580089591539519
0.26108869547571145
0.2639969695255594
0.2667339183974161
0.2692996718953422
0.2716943525288142
0.27391807550417413
0.27597094871176836
0.2778530727081564
0.2795645406925835
0.28110543847664604
0.28247584444568785
0.2836758295098771
0.2847054570419677
0.2855647827971668
0.28625385480765164
0.28677271323852693
0.2871213901786956
0.28729990930090665
0.2873082851128269
0.28714652560301107
0.28681464427587305
0.28631266393719174
0.28564061583847344
0.2847985393051455
0.28378648150439856
0.28260449727958015
0.281252649022527
0.27973100656982747
0.2780396471151986
0.27617865513321793
0.2741481223113219
0.271948147487966
0.2695788365954581
0.26704030260637873
0.2643326654827736
0.26145605212749795
0.25841059633722663
0.25519643875674913
0.25181372683424125
0.24826261477726616
0.24454326350930172
0.24065584062662612
0.23660052035542348
0.23237748350899276
0.22798691744496294
0.22342901602243193
0.21870397955896012
0.21381201478735962
0.20875333481222932
0.2035281590661938
0.19813671326580984
0.19257922936711117
0.18685594552076504
0.1809671060268205
0.17491296128903006
0.16869376776873055
0.16230978793827208
0.15576129023398538
0.1490485490086811
0.14217184448367598
0.13513146270034285
0.12792769547118285
0.1205608403304196
0.11303120048411658
0.10533908475981996
0.09748480755573002
0.08946868878940557
0.0812910538460064
0.07295223352607967
0.06445256399289671
0.05579238671934769
0.04697204843440178
0.0379919010691413
0.0288523017023787
0.020404644206669955
0.02873981541667673
0.036895920257880944
0.04487332458571275
0.05267238607710172
0.06029345428545104
0.06773687069392931
0.07500296876708994
0.08209207400082631
0.08900450397066953
0.09574056837843391
0.10230056909721345
0.10868480021473097
0.11489354807503907
0.1209270913185705
0.1267857009205325
0.1324696402276376
0.1379791649931601
0.14331452341030443
0.14847595614386808
0.15346369636017756
0.15827796975527159
0.16291899458130032
0.1673869816711039
0.17168213446092642
0.17580464901121368
0.17975471402543425
0.18353251086685204
0.18713821357316587
0.19057198886891633
0.19383399617554128
0.19692438761893902
0.1998433080343693
0.20259089496848845
0.20516727867826942
0.20757258212650162
0.20980692097349102
0.21187040356448317
0.21376313091219956
0.21548519667369453
0.21703668712048096
0.21841768110049292
0.21962824998987832
0.22066845763170023
0.22153836025709353
0.2222380063816594
0.22276743666438856
0.2231266837038338
0.22331577170997022
0.22333471580856212
0.2231835240567451
0.22286220936317952
0.22237079399042756
0.22170930867835062
0.22087779225854623
0.21987629141643206
0.21870486052256907
0.2173635615031366
0.21585246373497854
0.2141716439571406
0.21232118619399984
0.2103011816868184
0.20811172883156967
0.2057529331215163
0.20322490709343352
0.20052777027664956
0.19766164914427123
0.19462667706610312
0.19142299426287193
0.18805074776144554
0.184510091350795
0.18080118553849428
0.17692419750758814
0.17287930107368749
0.16866667664217502
0.16428651116542245
0.15973899809993639
0.15502433736336263
0.15014273529128971
0.14509440459380105
0.13987956431173323
0.13449843977260437
0.12895126254618175
0.12323827039966352
0.11735970725245264
0.1113158231305055
0.10510687412024075
0.09873312232199635
0.09219483580302595
0.08549228855002738
0.07862576042119833
0.071595537097816
0.06440191003533899
0.05704517641403114
0.049525639089108536
0.041843606540411644
0.03399939282160594
0.02599331750891521
0.021959621119735463
0.02920863532928807
0.0362806876718537
0.043176094961588585
0.049895166143343585
0.05643820233750178
0.06280549688316867
0.06899733537971411
0.07501399572666327
0.08085574816193088
0.08652285529839106
0.09201557215877167
0.09733414620885902
0.10247881738899524
0.10744981814384634
0.11224737345041486
0.11687170084426521
0.12132301044392438
0.1256015049734135
0.12970737978285773
0.13364082286711323
0.13740201488233766
0.1409911291604192
0.14440833172116208
0.14765378128210835
0.15072762926585204
0.15363001980467342
0.15636108974228527
0.15892096863243746
0.16130977873406813
0.16352763500261397
0.16557464507699096
0.16745090926162096
0.1691565205026902
0.17069156435755747
0.17205611895583484
0.17325025495006335
0.17427403545294837
0.1751275159565019
0.17581074422550144
0.1763237601517672
0.17666659554200656
0.1768392737710147
0.17684180899751833
0.17667420919493376
0.17633648821157774
0.17582866915225234
0.17515078355063526
0.17430287100469366
0.1732849789476008
0.1720971624837816
0.17073948426224925
0.16921201437352723
0.16751483026248254
0.16564801665238565
0.16361166547715073
0.16140587581967825
0.15903075385482773
0.1564864127959451
0.15377297284413885
0.1508905611396885
0.14783931171510506
0.144619365449464
0.14123087002370582
0.13767397987665855
0.13394885616157962
0.1300556667030514
0.12599458595409221
0.1217657949533668
0.1173694812824003
0.11280583902271321
0.10807506871280886
0.10317737730495467
0.09811297812170776
0.09288209081214288
0.08748494130774721
0.08192176177795188
0.07619279058527513
0.07029827224005603
0.06423845735476123
0.058013602597850704
0.051623970647190716
0.04506983014300536
0.03835145564035965
0.03146912756116937
0.024423132145734733
0.022500935848315216
0.028850318753888167
0.03502427431154975
0.04102307963752271
0.04684700419022635
0.05249630980667598
0.057971250737205576
0.06327207367849924
0.06839901780491318
0.07335231479806607
0.07813218887467083
0.08273885681257569
0.08717252797497639
0.09143340433275425
0.09552168048488681
0.09943754367686838
0.10318117381706653
0.10675274349092695
0.11015241797292387
0.11338035523613292
0.11643670595928042
0.11932161353109325
0.12203521405173702
0.12457763633108386
0.12694900188349095
0.12914942491869344
0.13117901232831117
0.13303786366732784
0.13472607112970575
0.13624371951702022
0.13759088619858656
0.1387676410609243
0.1397740464433955
0.1406101570551422
0.14127601986530844
0.14177167395214407
0.14209715028142492
0.14225247133782037
0.1422376502609783
0.14205269507483748
0.14169762066261846
0.1411724510130254
0.1404772184958607
0.13961196351744656
0.13857673430025289
0.13737158672367414
0.13599658420026028
0.1344517975745471
0.13273730503721412
0.1308531920500985
0.12879955127914033
0.1265764825332573
0.12418409270772367
0.12162249573101146
0.1188918125143096
0.11599217090312104
0.11292370563046901
0.10968655827134141
0.10628087719807566
0.10270681753644256
0.09896454112223149
0.09505421645817379
0.09097601867106876
0.08673012946899886
0.08231673709853893
0.07773603630187918
0.07298822827379413
0.06807352061839987
0.06299212730565118
0.05774426862753696
0.052330171153939266
0.0467500676881263
0.0410041972218547
0.03509280489006044
0.029016141925121218
0.022774465610676427
0.023235090694576698
0.02880478997782998
0.03420023809583976
0.03942167830852474
0.04446934636719627
0.04934347054334978
0.054044271655683665
0.05857196309531083
0.06292675084912165
0.06710883352124955
0.07111840235258188
0.07495564123824837
0.07862072674300742
0.08211382811443597
0.08543510729381142
0.08858471892455251
0.09156281035806058
0.09436952165676937
0.0970049855941718
0.09946932765153893
0.1017626660109801
0.10388511154440355
0.10583676779781857
0.10761773097025651
0.1092280898863593
0.11066792596135215
0.11193731315662103
0.11303631792334078
0.11396499913032676
0.11472340797004969
0.11531158783247672
0.11572957412714387
0.11597739400959216
0.11605506587587787
0.11596259915561118
0.11570000390141127
0.11526729929834942
0.11466451321581364
0.11389168172425072
0.1129488488198676
0.1118360662367595
0.11055339330601881
0.10910089684344376
0.10747865105605692
0.10568673746165938
0.10372524481776124
0.10159426905744064
0.09929391323042425
0.09682428744815792
0.09418550883195467
0.0913777014635278
0.08840099633737396
0.08525553131458558
0.08194145107775769
0.07845890708671883
0.074808057534866
0.07098906730592255
0.06700210793096953
0.06284735754562515
0.05852500084726818
0.05403522905221696
0.049378239852789815
0.04455423737418397
0.039563432131119666
0.034406040984204286
0.029082287095978297
0.023592399886610542
0.021852846450234425
0.026813068086313726
0.03159985800165561
0.03621343327046294
0.04065400355135553
0.04492177110978393
0.04901693083851817
0.05293967027614905
0.05669016962352848
0.06026860175806219
0.0636751322457522
0.06690991935086729
0.069973114043096
0.07286486000200815
0.07558529361861371
0.0781345439937628
0.0805127329330704
0.08271997493797321
0.08475637719242253
0.0866220395445785
0.08831705448267815
0.08984150710397416
0.09119547507523762
0.09237902858269983
0.09339223026832111
0.09423513514760007
0.09490779050107838
0.09541023572550116
0.09574250211600292
0.09590461250629342
0.09589658042311919
0.09571841385363133
0.09537012728228161
0.09485174435284581
0.09416329710849272
0.09330482563962515
0.09227637786017366
0.09107800934655369
0.08970978321278018
0.08817177000856032
0.08646404763293897
0.08458670125894294
0.08253982326625309
0.08032351317987252
0.07793787761334811
0.07538303021548977
0.07265909161979538
0.06976618939597465
0.06670445800309889
0.06347403874400206
0.06007507972063311
0.056507735790115914
0.05277216852131786
0.048868546151762476
0.04479704354474965
0.040557842146569184
0.03615112994371191
0.03157710141999749
0.02683595751355063
0.02192790557356783
0.022787736495196678
0.027143333745156224
0.03132622500025473
0.03533660153583021
0.039174647281385935
0.04284053883598681
0.04633444548145981
0.04965652919328693
0.05280694464905795
0.05578583923432414
0.05859335304566183
0.06122961889071378
0.06369476228492456
0.06598890144461865
0.06811214727598155
0.07006460335938523
0.07184636592833638
0.07345752384209725
0.07489815855069776
0.07616834405056212
0.07726814682820063
0.07819762578814705
0.07895683215909527
0.07954580936792625
0.07996459286209553
0.08021320983670285
0.0802916787308708
0.08020000900513155
0.07993821067739079
0.07950630289015174
0.07890431347350071
0.07813227846020236
0.07719024180982074
0.07607825522055918
0.07479637798820148
0.07334467689371384
0.07172322610969081
0.06993210711985821
0.06797140864796603
0.06584122659361945
0.06354166397333813
0.0610728308656104
0.05843484435902861
0.05562782850281248
0.052651914259184494
0.0495072394571765
0.04619394874753208
0.04271219355843414
0.03906213205183744
0.035243929080224994
0.03125775614363828
0.02710379134685641
0.022782219356619463
0.021530487806434986
0.025436887865910418
0.02917106454140033
0.032733190016564474
0.03612342916467972
0.039341939558078444
0.042388871475054386
0.045264367904058515
0.04796856454497034
0.05050158980718284
0.05286356480417886
0.05505460334419716
0.05707481191648119
0.058924289672460044
0.06060312840101187
0.06211141249667523
0.06344921891925365
0.06461661714261425
0.06561366908944603
0.06644042904697692
0.06709694355539463
0.06758325125404772
0.06789938265450687
0.06804535975916023
0.06802119519528084
0.06782689707330951
0.06746248081634003
0.0669279708861562
0.0662234001012371
0.06534880930213433
0.06430424713554254
0.06308976989751817
0.06170544141121456
0.060151332926709
0.05842752303585492
0.05653409759779653
0.054471149672285536
0.05223877945883566
0.04983709424031631
0.04726620832995895
0.044526243021004754
0.04161732653840109
0.03853959399208472
0.035293187331484954
0.03187825530095273
0.028294953395876735
0.02454344381929119
0.02062389543881362
0.023010974145132333
0.026405561492987457
0.029628416188204887
0.032679688693615476
0.03555952218213621
0.038268052538118505
0.0408054083555175
0.04317171093256178
0.04536707426252419
0.04739160502008968
0.04924540254267402
0.05092855880584954
0.05244115839175202
0.05378327844892682
0.05495498864143542
0.05595635108402106
0.05678742025839117
0.057448242902473544
0.057938857857965764
0.058259295845891956
0.05840957909117936
0.05838972045446294
0.05819972800114719
0.05783961690665315
0.057309411414977515
0.05660914413794986
0.05573885571608803
0.05469859460064202
0.053488416895696056
0.05210838623521521
0.0505585736824156
0.048839057644298356
0.046949923796934454
0.044891265018611085
0.04266318132885763
0.0402657798319409
0.03769917466379555
0.03496348694161279
0.03205884471549126
0.028985382921684875
0.02574324333707903
0.022332574534599366
0.021119416542417214
0.02421797492528101
0.027145055550108887
0.029900796310551418
0.03248532781070211
0.03489877336076797
0.03714124896896045
0.03921286332913469
0.04111371780357479
0.04284390640014256
0.04440351574275245
0.04579262503376288
0.047011306006310156
0.04805962286371855
0.04893763220162684
0.049645382905789855
0.050182916013212626
0.05055026451224136
0.05074745302300862
0.05077449713671608
0.05063140499909775
0.05031818908194498
0.049834871229513585
0.049181481788561056
0.04835805921158638
0.04736464981432177
0.04620130760462958
0.044868094151517185
0.04336507847923092
0.04169233697813706
0.0398499533273815
0.03783801842609753
0.03565663033097168
0.03330589419862336
0.030785922231675197
0.028096833627674955
0.025238754530229234
0.022211817981851463
0.02088630984331363
0.023653153131573415
0.026248778914556247
0.02867331097547517
0.030926865796196495
0.03300955254517133
0.0349214730605569
0.036662721827758905
0.038233385950377
0.039633545113172526
0.040863271535129315
0.0419226299098132
0.04281167732879436
0.043530463181321456
0.04407902901838279
0.044457408357941694
0.044665626376468606
0.04470369928989344
0.044571635415209344
0.04426944665406687
0.043797154278266484
0.043154788097946116
0.0423423860485693
0.04135999394189838
0.0402076652914813
0.03888546117962584
0.03739345015016733
0.035731708118438434
0.033900318293277415
0.0318993711077569
0.029728964156389863
0.02738920213723498
0.02488019679775568
0.02220206688357843
0.02058558211308439
0.023065249770103307
0.025373903439379425
0.02751165464829651
0.029478607599953043
0.0312748591526002
0.03290049879284415
0.034355608601364745
0.03564026320942471
0.03675452974370063
0.03769846775575222
0.038472129130329616
0.03907555796270122
0.03950879038660056
0.03977185431236764
0.039864768955071773
0.03978754438778571
0.03954019002219565
0.03912272422480677
0.03853517411162981
0.037777575031428465
0.036849970278922825
0.035752410901258344
0.034484955553842345
0.033047670385972346
0.03144062894594651
0.029663912099622394
0.027717607958621
0.025601811815643374
0.023316626085139257
0.020862160248061357
0.02152928347925026
0.02366427210614828
0.02562846410044932
0.027421956201438002
0.029044837776263054
0.03049719078552237
0.031779089739605526
0.032890601643309786
0.03383178592502088
0.03460269434461226
0.03520337087015419
0.0356338515048232
0.03589416402299315
0.03598432749260465
0.0359043518669823
0.03565424666539185
0.03523403040280354
0.034643730331482596
0.03388338193061175
0.03295302862163401
0.03185272157576618
0.03058251957043677
0.029142488875295584
0.027532703157581745
0.025753243400864295
0.023804197833378803
0.02168566186344291
0.02054561641275538
0.02251048752449918
0.024304658372749182
0.025928218354038194
0.02738124945850203
0.028663826226263085
0.02977601569209929
0.03071787731469601
0.03148946288464588
0.03209081640131054
0.03252197389998615
0.03278296318850124
0.03287380337101338
0.03279450443024603
0.03254507585858068
0.03212553613449988
0.03153591247676553
0.030776240332487565
0.029846563091943216
0.028746931895834587
0.027477405491579062
0.02603805011922536
0.024428939416758347
0.022650154338794998
0.020701783084888452
0.021219124567100858
0.02290006530346595
0.024410450412217868
0.025750356945054148
0.026919854468444224
0.02791900499858638
0.028747862917400724
0.02940647486135784
0.029894879568338615
0.03021310765191602
0.0303611812228833
0.030339113021553194
0.03014691113533432
0.02978459086696486
0.029252176572246547
0.02854970096907602
0.027677204800634413
0.02663473661847559
0.025422352625203048
0.02404011655187083
0.022488099557588705
0.020766380144219755
0.020973682828387477
0.02247470221301583
0.023805247037573522
0.024965386455655027
0.02595518206651842
0.02677468782983916
0.02742394995270391
0.027903006733499963
0.02821188833067163
0.028350616370858932
0.028319203098547355
0.028117656720038398
0.027745993071571887
0.027204236980692423
0.026492421613294008
0.025610588146364667
0.024558785555392267
0.023337070459429066
0.021945506999969163
0.020384166741534412
0.021127538999085635
0.022425144004245494
0.023552356099628108
0.024509235415331173
0.02529583442253936
0.025912197813699123
0.02635836233521327
0.026634356534872262
0.026740200315384093
0.026675904324900315
0.02644147752639361
0.026036937584012442
0.02546231097174277
0.024717632424463457
0.02380294464069174
0.022718298083999913
0.021463750835959756
0.020039368479943725
0.02124742557817502
0.02235815489415553
0.02329855684353296
0.024068683150697483
0.02466857774757429
0.025098276600236464
0.025357807444408728
0.02544718930617846
0.025366432104949287
0.02511554539139206
0.024694547722595897
0.024103466389513304
0.02334233690836589
0.022411202736589607
0.021310115080643163
0.020039132752615905
0.021110588187770386
0.02208415774237088
0.02288744218785613
0.02352048698542595
0.02398332966952771
0.024275999606487363
0.024398517577325578
0.02435089501274871
0.02413314042527719
0.02374527056058346
0.023187311060339746
0.02245929586526419
0.021561266903311716
0.020493273884205764
0.02063001078969562
0.02154099110181579
0.02228170392265699
0.022852191822113486
0.023252489366813105
0.023482622831833888
0.023542609650051654
0.02343245865509589
0.023152180691281367
0.022701795882141038
0.02208133296662487
0.021290828849810248
0.02033032833993144
0.020654957015621197
0.02143491772254474
0.02204464439633345
0.02248417346921117
0.022753533162203687
0.022852743025955434
0.022781813410613673
0.02254075349805648
0.02212958131379546
0.021548323661592136
0.02079701559151216
0.020117855371609143
0.020894786417088595
0.02150148414785175
0.021937984852607062
0.022204316603030752
0.022300498788558106
0.022226541625464412
0.021982454403391714
0.021568255312078018
0.020983971305543428
0.020229637577559845
0.020548226092329053
0.02112859203111694
0.02153876583220499
0.02177877426291208
0.021848635295736298
0.021748358076366246
0.02147795300143126
0.02103743967188673
0.02042684634175622
0.02030417482782253
0.020851657660088143
0.021228954181840058
0.021436089515042556
0.021473079814708307
0.021339933378420044
0.021036662162598484
0.020563287495391137
0.020077981794058217
0.020608234850097343
0.020968304525100786
0.021158215070753904
0.021177981660374105
0.021027612358664082
0.020707120029181257
0.02021652689209151
0.020343541265586768
0.020712273221679452
0.02091084502441115
0.020939272343867475
0.020797563344050748
0.02048573042372951
0.020003795355550393
0.020424090017483316
0.020680990811118675
0.020767742843421564
0.020684355919789538
0.020430839699492036
0.02000721288114172
0.020371048373531812
0.02057753260070652
0.020613871837168913
0.020480074369102125
0.020176152185986916
0.020222137856963647
0.020437097525530946
0.02048191163348844
0.020356588631522433
0.020061140085833897
0.020250743892090858
0.02038041680922586
0.02033994885155562
0.02012934838068144
0.020172944859348663
0.020293637593160156
0.020244189877127124
0.020024610266295442
0.02019124943135974
0.020230618602834313
0.02009985092391932
0.020125756639550327
0.020172059441820767
0.02004822506382003
0.020118713951468005
0.020104539836410237
0.020060309639547986
0.02007776814880596
0.02004764297893981
0.02001793886332987
0.020036051077371355
0.020013319017054637
0.020013319017054637
0.020013319017054637
0.020013319017054637
0.020013319017054637
0.020013319017054637
0.020013319017054637
0.020013319017054637
0.020013319017054637
0.020013319017054637
0.020013319017054637
0.020013319017054637
0.020013319017054637
0.020013319017054637
0.020013319017054637
0.020013319017054637
0.020013319017054637
0.020013319017054637
0.020013319017054637
0.020013319017054637
0.020013319017054637
0.020013319017054637
0.020013319017054637
0.020013319017054637
0.020013319017054637
0.020013319017054637
0.020013319017054637
0.020013319017054637
0.020013319017054637
0.020013319017054637
0.020013319017054637
0.020013319017054637
0.020013319017054637
0.020013319017054637
0.020013319017054637
0.020013319017054637
0.020013319017054637
0.020013319017054637
0.020013319017054637
0.020013319017054637
0.020013319017054637
0.020013319017054637
0.020013319017054637
0.020013319017054637
0.020013319017054637
0.020013319017054637
0.020013319017054637
0.020013319017054637
0.020013319017054637
0.020013319017054637
0.020013319017054637
0.020013319017054637
0.020013319017054637
0.020013319017054637
0.020013319017054637
0.020013319017054637
0.020013319017054637
0.020013319017054637
0.020013319017054637
0.020013319017054637
0.020013319017054637
0.020013319017054637
0.020013319017054637
0.020013319017054637
0.020013319017054637
0.020013319017054637
0.020013319017054637
0.020013319017054637
0.020013319017054637
0.020013319017054637
0.020013319017054637
0.020013319017054637
0.020013319017054637
0.020013319017054637
0.020013319017054637
0.020013319017054637
0.020013319017054637
0.020013319017054637
0.020013319017054637
0.020013319017054637
0.020013319017054637
0.020013319017054637
0.020013319017054637
0.020013319017054637
0.020013319017054637
0.020013319017054637
0.020013319017054637
0.020013319017054637
0.020013319017054637
0.020013319017054637
0.020013319017054637
0.020013319017054637
0.020013319017054637
0.020013319017054637
0.020013319017054637
0.020013319017054637
0.020013319017054637
0.020013319017054637
0.020013319017054637
0.020013319017054637
0.020013319017054637
0.020013319017054637
0.020013319017054637
0.020013319017054637
0.020013319017054637
0.020013319017054637
0.020013319017054637
0.020013319017054637
0.020013319017054637
0.020013319017054637
0.020013319017054637
0.020013319017054637
0.020013319017054637
0.020013319017054637
0.020013319017054637
0.020013319017054637
0.020013319017054637
0.020013319017054637
0.020013319017054637
0.020013319017054637
0.020013319017054637
0.020013319017054637
0.020013319017054637
0.020013319017054637
0.020013319017054637
0.020013319017054637
0.020013319017054637
0.020013319017054637
0.020013319017054637
0.020013319017054637
0.020013319017054637
0.020013319017054637
0.020013319017054637
0.020013319017054637
0.020013319017054637
0.020013319017054637
0.020013319017054637
0.020013319017054637
0.020013319017054637
0.020013319017054637
0.020013319017054637
0.020013319017054637
0.020013319017054637
0.020013319017054637
0.020013319017054637
0.020013319017054637
0.020013319017054637
0.020013319017054637
0.020013319017054637
0.020013319017054637
0.020013319017054637
0.020013319017054637
0.020013319017054637
0.020013319017054637
0.020013319017054637
0.020013319017054637
0.020013319017054637
0.020013319017054637
0.020013319017054637
0.020013319017054637
0.020013319017054637
0.020013319017054637
0.020013319017054637
0.020013319017054637
0.020013319017054637
0.020013319017054637
0.020013319017054637
0.020013319017054637
0.020013319017054637
0.020013319017054637
0.020013319017054637
0.020013319017054637
0.020013319017054637
0.020013319017054637
0.020013319017054637
0.020013319017054637
0.020013319017054637
0.020013319017054637
0.020013319017054637
0.020013319017054637
0.020013319017054637
0.020013319017054637
0.020013319017054637
0.020013319017054637
0.020013319017054637
0.020013319017054637
0.020013319017054637
0.020013319017054637
0.020013319017054637
0.020013319017054637
0.020013319017054637
0.020013319017054637
0.020013319017054637
0.020013319017054637
0.020013319017054637
0.020013319017054637
0.020013319017054637
0.020013319017054637
0.020013319017054637
0.020013319017054637
0.020013319017054637
0.020013319017054637
0.020013319017054637
0.020013319017054637
0.020013319017054637
0.020013319017054637
0.020013319017054637
0.020013319017054637
0.020013319017054637
0.020013319017054637
0.020013319017054637
0.020013319017054637
0.020013319017054637
0.020013319017054637
0.020013319017054637
0.020013319017054637
0.020013319017054637
0.020013319017054637
0.020013319017054637
0.020013319017054637
0.020013319017054637
0.020013319017054637
0.020013319017054637
0.020013319017054637
0.020013319017054637
0.020013319017054637
0.020013319017054637
0.020013319017054637
0.020013319017054637
0.020013319017054637
0.020013319017054637
0.020013319017054637
0.020013319017054637
0.020013319017054637
0.020013319017054637
0.020013319017054637
0.020013319017054637
0.020013319017054637
0.020013319017054637
0.020013319017054637
0.020013319017054637
0.020013319017054637
0.020013319017054637
0.020013319017054637
0.020013319017054637
0.020013319017054637
0.020013319017054637
0.020013319017054637
0.020013319017054637
0.020013319017054637
0.020013319017054637
0.020013319017054637
0.020013319017054637
0.020013319017054637
0.020013319017054637
0.020013319017054637
0.020013319017054637
0.020013319017054637
0.020013319017054637
0.020013319017054637
0.020013319017054637
0.020013319017054637
0.020013319017054637
0.020013319017054637
0.020013319017054637
0.020013319017054637
0.020013319017054637
0.020013319017054637
0.020013319017054637
0.020013319017054637
0.020013319017054637
0.020013319017054637
0.020013319017054637
0.020013319017054637
0.020013319017054637
0.020013319017054637
0.020013319017054637
0.020013319017054637
0.020013319017054637
0.020013319017054637
0.020013319017054637
0.020013319017054637
0.020013319017054637
0.020013319017054637
0.020013319017054637
0.020013319017054637
0.020013319017054637
0.020013319017054637
0.020013319017054637
0.020013319017054637
0.020013319017054637
0.020013319017054637
0.020013319017054637
0.020013319017054637
0.020013319017054637
0.020013319017054637
0.020013319017054637
0.020013319017054637
0.020013319017054637
0.020013319017054637
0.020013319017054637
0.020013319017054637
0.020013319017054637
0.020013319017054637
0.020013319017054637
0.020013319017054637
0.020013319017054637
0.020013319017054637
0.020013319017054637
0.020013319017054637
0.020013319017054637
0.020013319017054637
0.020013319017054637
0.020013319017054637
0.020013319017054637
0.020013319017054637
0.020013319017054637
0.020013319017054637
0.020013319017054637
0.020013319017054637
0.020013319017054637
0.020013319017054637
0.020013319017054637
0.020013319017054637
0.020013319017054637
0.020013319017054637
0.020013319017054637
0.020013319017054637
0.020013319017054637
0.020013319017054637
0.020013319017054637
0.020013319017054637
0.020013319017054637
0.020013319017054637
0.020013319017054637
0.020013319017054637
0.020013319017054637
0.020013319017054637
0.020013319017054637
0.020013319017054637
0.020013319017054637
0.020013319017054637
0.020013319017054637
0.020013319017054637
0.020013319017054637
0.020013319017054637
0.020013319017054637
0.020013319017054637
0.020013319017054637
0.020013319017054637
0.020013319017054637
0.020013319017054637
0.020013319017054637
0.020013319017054637
0.020013319017054637
0.020013319017054637
0.020013319017054637
0.020013319017054637
0.020013319017054637
0.020013319017054637
0.020013319017054637
0.020013319017054637
0.020013319017054637
0.020013319017054637
0.020013319017054637
0.020013319017054637
0.020013319017054637
0.020013319017054637
0.020013319017054637
0.020013319017054637
0.020013319017054637
0.020013319017054637
0.020013319017054637
0.020013319017054637
0.020013319017054637
0.020013319017054637
0.020013319017054637
0.020013319017054637
0.020013319017054637
0.020013319017054637
0.020013319017054637
0.020013319017054637
0.020013319017054637
0.020013319017054637
0.020013319017054637
0.020013319017054637
0.020013319017054637
0.020013319017054637
0.020013319017054637
0.020013319017054637
0.020013319017054637
0.020013319017054637
0.020013319017054637
0.020013319017054637
0.020013319017054637
0.020013319017054637
0.020013319017054637
0.020013319017054637
0.020013319017054637
0.020013319017054637
0.020013319017054637
0.020013319017054637
0.020013319017054637
0.020013319017054637
0.020013319017054637
0.020013319017054637
0.020013319017054637
0.020013319017054637
0.020013319017054637
0.020013319017054637
0.020013319017054637
0.020013319017054637
0.020013319017054637
0.020013319017054637
0.020013319017054637
0.020013319017054637
0.020013319017054637
0.020013319017054637
0.020013319017054637
0.020013319017054637
0.020013319017054637
0.020013319017054637
0.020013319017054637
0.020013319017054637
0.020013319017054637
0.020013319017054637
0.020013319017054637
0.020013319017054637
0.020013319017054637
0.020013319017054637
0.020013319017054637
0.020013319017054637
0.020013319017054637
0.020013319017054637
0.020013319017054637
0.020013319017054637
0.020013319017054637
0.020013319017054637
0.020013319017054637
0.020013319017054637
0.020013319017054637
0.020013319017054637
0.020013319017054637
0.020013319017054637
0.020013319017054637
0.020013319017054637
0.020013319017054637
0.020013319017054637
0.020013319017054637
0.020013319017054637
0.020013319017054637
0.020013319017054637
0.020013319017054637
0.020013319017054637
0.020013319017054637
0.020013319017054637
0.020013319017054637
0.020013319017054637
0.020013319017054637
0.020013319017054637
0.020013319017054637
0.020013319017054637
0.020013319017054637
0.020013319017054637
0.020013319017054637
0.020013319017054637
0.020013319017054637
0.020013319017054637
0.020013319017054637
0.020013319017054637
0.020013319017054637
0.020013319017054637
0.020013319017054637
0.020013319017054637
0.020013319017054637
0.020013319017054637
0.020013319017054637
0.020013319017054637
0.020013319017054637
0.020013319017054637
0.020013319017054637
0.020013319017054637
0.020013319017054637
0.020013319017054637
0.020013319017054637
0.020013319017054637
0.020013319017054637
0.020013319017054637
0.020013319017054637
0.020013319017054637
0.020013319017054637
0.020013319017054637
0.020013319017054637
0.020013319017054637
0.020013319017054637
0.020013319017054637
0.020013319017054637
0.020013319017054637
0.020013319017054637
0.020013319017054637
0.020013319017054637
0.020013319017054637
0.020013319017054637
0.020013319017054637
0.020013319017054637
0.020013319017054637
0.020013319017054637
0.020013319017054637
0.020013319017054637
0.020013319017054637
0.020013319017054637
0.020013319017054637
0.020013319017054637
0.020013319017054637
0.020013319017054637
0.020013319017054637
0.020013319017054637
0.020013319017054637
0.020013319017054637
0.020013319017054637
0.020013319017054637
0.020013319017054637
0.020013319017054637
0.020013319017054637
0.020013319017054637
0.020013319017054637
0.020013319017054637
0.020013319017054637
0.020013319017054637
0.020013319017054637
0.020013319017054637
0.020013319017054637
0.020013319017054637
0.020013319017054637
0.020013319017054637
0.020013319017054637
0.020013319017054637
0.020013319017054637
0.020013319017054637
0.020013319017054637
0.020013319017054637
0.020013319017054637
0.020013319017054637
0.020013319017054637
0.020013319017054637
0.020013319017054637
0.020013319017054637
0.020013319017054637
0.020013319017054637
0.020013319017054637
0.020013319017054637
0.020013319017054637
0.020013319017054637
0.020013319017054637
0.020013319017054637
0.020013319017054637
0.020013319017054637
0.020013319017054637
0.020013319017054637
0.020013319017054637
0.020013319017054637
0.020013319017054637
0.020013319017054637
0.020013319017054637
0.020013319017054637
0.020013319017054637
0.020013319017054637
0.020013319017054637
0.020013319017054637
0.020013319017054637
0.020013319017054637
0.020013319017054637
0.020013319017054637
0.020013319017054637
0.020013319017054637
0.020013319017054637
0.020013319017054637
0.020013319017054637
0.020013319017054637
0.020013319017054637
0.020013319017054637
0.020013319017054637
0.020013319017054637
0.020013319017054637
0.020013319017054637
0.020013319017054637
0.020013319017054637
0.020013319017054637
0.020013319017054637
0.020013319017054637
0.020013319017054637
0.020013319017054637
0.020013319017054637
0.020013319017054637
0.020013319017054637
0.020013319017054637
0.020013319017054637
0.020013319017054637
0.020013319017054637
0.020013319017054637
0.020013319017054637
0.020013319017054637
0.020013319017054637
0.020013319017054637
0.020013319017054637
0.020013319017054637
0.020013319017054637
0.020013319017054637
0.020013319017054637
0.020013319017054637
0.020013319017054637
0.020013319017054637
0.020013319017054637
0.020013319017054637
0.020013319017054637
0.020013319017054637
0.020013319017054637
0.020013319017054637
0.020013319017054637
0.020013319017054637
0.020013319017054637
0.020013319017054637
0.020013319017054637
0.020013319017054637
0.020013319017054637
0.020013319017054637
0.020013319017054637
0.020013319017054637
0.020013319017054637
0.020013319017054637
0.020013319017054637
0.020013319017054637
0.020013319017054637
0.020013319017054637
0.020013319017054637
0.020013319017054637
0.020013319017054637
0.020013319017054637
0.020013319017054637
0.020013319017054637
0.020013319017054637
0.020013319017054637
0.020013319017054637
0.020013319017054637
0.020013319017054637
0.020013319017054637
0.020013319017054637
0.020013319017054637
0.020013319017054637
0.020013319017054637
0.020013319017054637
0.020013319017054637
0.020013319017054637
0.020013319017054637
0.020013319017054637
0.020013319017054637
0.020013319017054637
0.020013319017054637
0.020013319017054637
0.020013319017054637
0.020013319017054637
0.020013319017054637
0.020013319017054637
0.020013319017054637
0.020013319017054637
0.020013319017054637
0.020013319017054637
0.020013319017054637
0.020013319017054637
0.020013319017054637
0.020013319017054637
0.020013319017054637
0.020013319017054637
0.020013319017054637
0.020013319017054637
0.020013319017054637
0.020013319017054637
0.020013319017054637
0.020013319017054637
0.020013319017054637
0.020013319017054637
0.020013319017054637
0.020013319017054637
0.020013319017054637
0.020013319017054637
0.020013319017054637
0.020013319017054637
0.020013319017054637
0.020013319017054637
0.020013319017054637
0.020013319017054637
0.020013319017054637
0.020013319017054637
0.020013319017054637
0.020013319017054637
0.020013319017054637
0.020013319017054637
0.020013319017054637
0.020013319017054637
0.020013319017054637
0.020013319017054637
0.020013319017054637
0.020013319017054637
0.020013319017054637
0.020013319017054637
0.020013319017054637
0.020013319017054637
0.020013319017054637
0.020013319017054637
0.020013319017054637
0.020013319017054637
0.020013319017054637
0.020013319017054637
0.020013319017054637
0.020013319017054637
0.020013319017054637
